(187, 524)
(403, 581)
(383, 38)
(270, 489)
(459, 276)
(768, 475)
(450, 436)
(411, 512)
(633, 465)
(574, 368)
(654, 441)
(543, 307)
(429, 14)
(522, -1)
(677, 678)
(31, 260)
(302, 237)
(351, 415)
(604, 317)
(525, 389)
(698, 325)
(428, 291)
(428, 193)
(485, 478)
(233, 599)
(550, 121)
(323, 50)
(347, 357)
(413, 492)
(508, 305)
(88, 547)
(551, 609)
(286, 522)
(503, 379)
(236, 550)
(504, 751)
(673, 316)
(394, 767)
(222, 496)
(417, 408)
(596, 532)
(573, 460)
(400, 413)
(422, 661)
(424, 334)
(139, 522)
(433, 621)
(317, 668)
(645, 218)
(324, 793)
(342, 397)
(578, 375)
(356, 666)
(326, 104)
(233, 335)
(250, 372)
(437, 312)
(316, 418)
(594, 342)
(380, 324)
(364, 405)
(447, 505)
(277, 554)
(276, 397)
(601, 403)
(482, 409)
(653, 316)
(314, 371)
(472, 534)
(414, 443)
(429, 271)
(405, 594)
(149, 433)
(556, 438)
(480, 327)
(602, 290)
(487, 247)
(557, 458)
(459, 391)
(435, 586)
(401, 369)
(497, 86)
(314, 462)
(533, 289)
(351, 275)
(184, 644)
(555, 489)
(277, 296)
(331, 547)
(382, 259)
(426, 619)
(643, 596)
(110, 619)
(581, 481)
(203, 538)
(196, 199)
(505, 480)
(487, 282)
(549, 388)
(600, 452)
(689, 404)
(354, 795)
(429, 665)
(346, 454)
(714, 288)
(303, 430)
(285, 557)
(245, 302)
(639, 261)
(399, 598)
(317, 599)
(765, 332)
(561, 245)
(245, 455)
(382, 483)
(337, 317)
(372, 440)
(367, 246)
(583, 413)
(395, 196)
(378, 683)
(454, 580)
(373, 401)
(439, 366)
(473, 556)
(559, 493)
(537, 711)
(15, 432)
(444, 352)
(317, 207)
(712, 447)
(642, 374)
(213, 391)
(-41, 355)
(195, 705)
(450, 536)
(515, 277)
(272, 266)
(172, 442)
(586, 505)
(450, 379)
(358, 480)
(284, 477)
(235, 203)
(272, 344)
(550, 483)
(389, 438)
(314, 262)
(292, 426)
(434, 462)
(117, 301)
(526, 643)
(323, 493)
(324, 279)
(162, 313)
(480, 680)
(584, 326)
(698, -74)
(485, 336)
(259, 508)
(593, 442)
(382, 269)
(366, 235)
(608, 313)
(451, 452)
(150, 531)
(374, 724)
(278, 626)
(327, 525)
(561, 319)
(507, 114)
(271, 215)
(351, 38)
(228, 431)
(636, 580)
(488, 349)
(233, 505)
(392, 338)
(168, 487)
(562, 767)
(382, 345)
(176, 307)
(521, 364)
(284, 570)
(838, 439)
(492, 637)
(466, 321)
(572, 243)
(708, 402)
(361, 313)
(204, 129)
(526, 428)
(513, 421)
(156, 578)
(270, 669)
(369, 709)
(370, 485)
(611, 291)
(336, 345)
(344, 179)
(275, 326)
(468, 642)
(682, 230)
(725, 596)
(548, 470)
(300, 341)
(642, 289)
(376, 549)
(561, 196)
(459, 528)
(606, 419)
(475, 457)
(215, 609)
(290, 327)
(766, 606)
(624, 590)
(232, 310)
(186, 283)
(263, 437)
(230, 112)
(489, 484)
(401, 327)
(361, 580)
(605, 197)
(299, 69)
(70, 430)
(283, 240)
(155, 328)
(721, 270)
(690, 474)
(393, 280)
(480, 548)
(193, 567)
(221, 426)
(75, 280)
(650, 502)
(256, 430)
(312, 167)
(149, 291)
(482, 429)
(822, 220)
(508, 138)
(330, 229)
(514, 340)
(530, 556)
(270, 458)
(-64, 425)
(125, 460)
(288, 201)
(476, 705)
(638, 319)
(501, 152)
(355, 567)
(318, 613)
(650, 795)
(652, 128)
(200, 485)
(498, 575)
(235, 597)
(376, 236)
(480, 184)
(551, 548)
(173, 346)
(227, 419)
(517, 256)
(80, 444)
(538, 375)
(300, 112)
(414, 697)
(462, 236)
(385, 612)
(324, 737)
(261, 276)
(684, 526)
(193, 316)
(175, 98)
(457, 111)
(494, 507)
(185, 593)
(520, 438)
(-3, 467)
(381, 232)
(243, 212)
(630, 392)
(200, 431)
(683, 376)
(634, 658)
(352, 251)
(72, 322)
(230, 299)
(266, 392)
(225, 644)
(126, 142)
(615, 495)
(382, 790)
(542, 197)
(505, 515)
(748, 524)
(609, 171)
(214, 377)
(157, 722)
(223, 295)
(368, 590)
(664, 273)
(735, 323)
(333, 627)
(682, 718)
(196, 379)
(473, 213)
(340, 528)
(386, 139)
(321, -36)
(657, 536)
(333, 208)
(539, 530)
(455, 93)
(118, 493)
(661, 371)
(464, 771)
(623, 360)
(248, 234)
(584, 286)
(667, 128)
(522, 241)
(406, 175)
(615, 429)
(283, 693)
(801, 440)
(743, 378)
(388, 212)
(418, 127)
(571, 646)
(463, 604)
(77, 472)
(243, 114)
(268, 94)
(495, 233)
(276, 177)
(690, 556)
(99, 594)
(711, 799)
(-58, 329)
(231, 683)
(333, 573)
(630, 551)
(380, 510)
(599, 40)
(565, 700)
(973, 393)
(134, 636)
(297, 581)
(272, -32)
(305, 682)
(613, 609)
(748, 365)
(94, 415)
(356, 611)
(582, 674)
(468, 169)
(428, 227)
(481, 6)
(594, 580)
(173, 362)
(591, 614)
(59, 554)
(164, 165)
(810, 259)
(79, 211)
(256, 19)
(541, -55)
(303, 51)
(428, 151)
(522, 162)
(258, 787)
(508, 585)
(38, 358)
(598, 275)
(165, 422)
(511, 625)
(617, 20)
(394, 73)
(382, 550)
(270, 657)
(649, 429)
(270, 814)
(617, 119)
(340, 144)
(433, 68)
(489, 545)
(801, 290)
(562, 158)
(698, 605)
(766, 178)
(360, 635)
(816, 653)
(276, 767)
(110, 290)
(182, 259)
(40, 581)
(433, 877)
(749, 447)
(145, 10)
(666, 435)
(314, 12)
(234, 214)
(122, 269)
(537, 574)
(43, 534)
(162, 255)
(598, 91)
(133, 353)
(735, 430)
(373, 156)
(461, 67)
(513, 773)
(116, 313)
(796, 539)
(20, 322)
(359, 114)
(513, 666)
(201, 276)
(-19, 509)
(216, 744)
(198, 241)
(721, 528)
(4, 339)
(46, 129)
(69, 257)
(25, 215)
(110, 389)
(253, -81)
(548, 76)
(246, 261)
(206, 184)
(692, 181)
(655, 760)
(210, 37)
(46, 286)
(703, 485)
(637, 768)
(417, 639)
(128, 402)
(294, 787)
(658, 255)
(577, -65)
(395, 76)
(729, 160)
(774, 403)
(222, 149)
(383, 111)
(101, 439)
(855, 394)
(115, 253)
(115, 234)
(400, 728)
(115, 194)
(730, 468)
(713, 741)
(660, 658)
(622, 919)
(598, 879)
(509, -139)
(83, 352)
(17, 182)
(93, 660)
(864, 309)
(-10, 669)
(425, 925)
(285, 725)
(454, 720)
(208, 82)
(173, 669)
(118, 563)
(849, 544)
(705, 638)
(772, 266)
(74, 628)
(68, 80)
(-45, 408)
(579, 133)
(531, 99)
(43, 481)
(3432, 7369)
(4220, 8221)
(4140, 7408)
(3372, 7529)
(2829, 7320)
(2143, 7994)
(4585, 7463)
(3812, 7920)
(3136, 7916)
(4282, 7980)
(3430, 7835)
(3586, 7082)
(3993, 6596)
(3442, 7423)
(5274, 7042)
(2182, 7727)
(2944, 7443)
(4138, 7818)
(3806, 7082)
(3238, 7727)
(4157, 7484)
(3984, 7765)
(4523, 7820)
(1481, 7423)
(2717, 7526)
(5806, 7713)
(3465, 7294)
(3901, 6662)
(5295, 7070)
(3789, 7236)
(3301, 7241)
(1914, 6194)
(4042, 8308)
(3646, 7343)
(3616, 6619)
(4436, 7400)
(2517, 7449)
(4149, 7837)
(4746, 7849)
(3260, 7304)
(3580, 7758)
(2713, 7459)
(3376, 7562)
(3084, 7606)
(4785, 7396)
(3510, 8258)
(4939, 6876)
(3266, 7724)
(3380, 8020)
(3275, 7039)
(4758, 8135)
(2001, 6958)
(2636, 7160)
(4458, 6573)
(3599, 7136)
(1393, 6956)
(4758, 8294)
(3484, 7203)
(4295, 7217)
(4190, 7394)
(3870, 6380)
(2702, 6865)
(2606, 7529)
(5023, 6947)
(2727, 7627)
(3623, 7892)
(4176, 7925)
(2857, 7609)
(3593, 7221)
(5655, 7241)
(2837, 8156)
(3545, 7556)
(2435, 7566)
(4335, 6387)
(3709, 7366)
(4130, 7751)
(3878, 8561)
(2220, 7449)
(2496, 6721)
(1814, 7574)
(2550, 7241)
(4968, 6118)
(3410, 7487)
(3356, 7188)
(4231, 6821)
(4134, 7363)
(2086, 6520)
(3221, 6874)
(5179, 7437)
(2019, 8090)
(3910, 7191)
(3243, 8719)
(4055, 7123)
(3198, 7084)
(4625, 7699)
(2045, 7978)
(4075, 7718)
(4220, 8663)
(3780, 8073)
(3814, 7871)
(3946, 7162)
(3243, 6501)
(3791, 7646)
(3311, 7598)
(2788, 6738)
(2832, 7814)
(3774, 6631)
(5630, 7724)
(4170, 8893)
(3918, 6770)
(3696, 7701)
(4434, 8172)
(2973, 7244)
(3363, 6796)
(3248, 8330)
(1020, 7974)
(4438, 7828)
(3150, 7549)
(1385, 7761)
(2601, 7101)
(2446, 7336)
(2929, 7097)
(3651, 7172)
(3150, 7606)
(3317, 7477)
(3062, 6339)
(3176, 7974)
(3855, 7512)
(3086, 7229)
(4887, 7201)
(4310, 7175)
(4306, 7425)
(2951, 7492)
(4443, 8204)
(2860, 8025)
(3676, 7456)
(3815, 7486)
(5454, 7975)
(4864, 7699)
(2558, 7712)
(3132, 7445)
(5198, 8016)
(4320, 7338)
(4448, 7233)
(2391, 7296)
(1732, 7530)
(3063, 7632)
(3775, 8464)
(2131, 7793)
(2578, 7733)
(2178, 7697)
(3673, 8373)
(4655, 7820)
(5263, 7584)
(3678, 7616)
(2755, 7123)
(4256, 6369)
(5175, 7688)
(3401, 7627)
(3772, 7071)
(4188, 7348)
(3877, 7445)
(3249, 7511)
(2105, 7701)
(4939, 7859)
(1983, 7694)
(4662, 7891)
(4173, 6850)
(1566, 7670)
(2422, 6903)
(3145, 7522)
(4262, 7556)
(3075, 6554)
(3639, 6988)
(4174, 7643)
(5063, 7490)
(2937, 7480)
(4735, 7744)
(3215, 7189)
(4071, 7214)
(3662, 7239)
(5190, 7168)
(3098, 7212)
(3690, 7057)
(3881, 7887)
(3513, 7504)
(2886, 7560)
(1305, 7683)
(5496, 7830)
(3417, 7959)
(3373, 7344)
(3259, 7600)
(4894, 7508)
(3732, 6798)
(5082, 7711)
(2016, 6718)
(3940, 7054)
(2810, 7320)
(3315, 7735)
(3362, 8317)
(4233, 7261)
(3955, 7196)
(3427, 8102)
(3497, 7818)
(2893, 8219)
(3234, 7535)
(3850, 8563)
(3621, 6726)
(3744, 6688)
(2495, 7780)
(2334, 6895)
(3292, 7496)
(3724, 7861)
(3357, 7493)
(3792, 7074)
(3063, 6758)
(4007, 6954)
(4774, 7495)
(5907, 6886)
(4318, 7849)
(2256, 7342)
(4260, 6959)
(4183, 6900)
(5580, 7552)
(2278, 7897)
(3393, 7668)
(1938, 7800)
(2816, 7284)
(3574, 6292)
(4003, 8283)
(4304, 7398)
(4622, 7253)
(2879, 7390)
(4475, 7434)
(5363, 7802)
(5178, 7989)
(4138, 7432)
(3358, 7086)
(3278, 8115)
(4415, 7935)
(3004, 7930)
(3573, 7157)
(3034, 6960)
(3771, 8046)
(4243, 7761)
(4632, 7451)
(3452, 7933)
(3049, 7343)
(4685, 6688)
(4142, 8646)
(1871, 7028)
(3836, 8031)
(2283, 7591)
(3065, 6708)
(2707, 8252)
(3719, 7709)
(5945, 7081)
(3600, 7473)
(4172, 7880)
(3518, 7866)
(3151, 8685)
(4458, 7955)
(2686, 7769)
(4065, 7745)
(3779, 7375)
(3520, 7613)
(3950, 7093)
(5499, 7982)
(2911, 8461)
(3202, 8559)
(4546, 7712)
(4564, 7747)
(3783, 6940)
(3813, 7717)
(4151, 8578)
(3331, 7710)
(3538, 7228)
(2700, 7861)
(3732, 7734)
(3510, 7911)
(5464, 8658)
(2430, 7189)
(4943, 7235)
(2729, 7560)
(5147, 7118)
(5379, 6798)
(3699, 8094)
(4381, 7049)
(3072, 7522)
(5439, 6599)
(3009, 7415)
(2409, 7389)
(3159, 8069)
(3486, 7755)
(4304, 6288)
(3619, 6919)
(3792, 7527)
(3167, 7126)
(2842, 8193)
(3766, 7282)
(3646, 7467)
(2597, 7667)
(2418, 6866)
(5020, 7923)
(2537, 7774)
(2511, 7754)
(2350, 6933)
(3906, 6462)
(5277, 7415)
(2534, 7328)
(3995, 7165)
(4120, 6749)
(4319, 7114)
(3580, 7356)
(3552, 6861)
(2438, 7246)
(2805, 7371)
(4549, 7381)
(3867, 7781)
(2955, 7597)
(2715, 6230)
(4266, 7421)
(2959, 7365)
(4273, 7622)
(2444, 7731)
(2969, 7688)
(4100, 7191)
(4687, 7501)
(4489, 8111)
(2165, 8148)
(4303, 6775)
(2988, 7529)
(2717, 7745)
(2571, 7458)
(3953, 7509)
(2792, 7730)
(2000, 6999)
(2151, 8651)
(3588, 7952)
(3614, 7003)
(3858, 8466)
(3046, 7156)
(5248, 8199)
(3704, 7990)
(4371, 7717)
(3138, 7157)
(3317, 6899)
(1749, 7805)
(4238, 7120)
(5293, 6960)
(3491, 7345)
(4989, 7665)
(3212, 7331)
(4240, 7613)
(3808, 6871)
(3932, 7701)
(3766, 8297)
(4528, 6999)
(4993, 8149)
(4499, 7446)
(3685, 6692)
(3483, 7585)
(3019, 7077)
(3341, 7498)
(5019, 7227)
(3853, 7785)
(1965, 7131)
(3894, 7577)
(3535, 8168)
(2684, 7511)
(3603, 7724)
(4555, 8201)
(2168, 6577)
(3561, 6947)
(3185, 7499)
(3348, 7897)
(3529, 7320)
(2120, 8183)
(3214, 7950)
(4216, 6758)
(5458, 8218)
(1871, 7727)
(3677, 6425)
(4079, 7809)
(2880, 7456)
(2404, 7347)
(3669, 8500)
(3737, 7592)
(4370, 7797)
(3391, 7381)
(5141, 8079)
(3411, 7297)
(3884, 6590)
(3636, 7135)
(3249, 7088)
(1563, 7196)
(2916, 7805)
(3138, 7327)
(3266, 7847)
(2924, 6467)
(1838, 7362)
(4863, 6684)
(3815, 8427)
(1852, 7941)
(4973, 7573)
(3607, 7547)
(3561, 8433)
(3323, 8252)
(4311, 7693)
(2854, 7846)
(3052, 7519)
(2582, 7546)
(1114, 7977)
(4646, 8138)
(4198, 7895)
(3684, 7892)
(3143, 7377)
(2498, 6775)
(3444, 7582)
(2737, 8086)
(1681, 7837)
(3231, 8056)
(1774, 8041)
(3114, 7712)
(4825, 8056)
(4232, 8003)
(2750, 7057)
(4020, 8107)
(4756, 7094)
(3707, 8153)
(2730, 7190)
(3060, 7550)
(4045, 7406)
(3923, 7491)
(2061, 7609)
(4250, 7679)
(3066, 7478)
(2788, 7023)
(5647, 6654)
(3999, 7720)
(3633, 6852)
(4985, 6818)
(2036, 7212)
(2155, 6942)
(2817, 7927)
(1836, 6973)
(4335, 6895)
(4129, 7775)
(4476, 6020)
(4853, 7187)
(2052, 7540)
(3534, 7595)
(3638, 7443)
(6036, 8110)
(3432, 8265)
(5700, 7576)
(3550, 7496)
(3739, 7146)
(3135, 7972)
(2908, 6494)
(4920, 7260)
(3462, 7635)
(1435, 8016)
(4792, 7999)
(3677, 8012)
(4635, 7608)
(2435, 8571)
(3328, 7984)
(3507, 8352)
(5677, 6236)
(4553, 8140)
(4923, 8527)
(3876, 7193)
(3013, 7374)
(4407, 7179)
(2850, 6402)
(3511, 6844)
(3291, 7323)
(2864, 7365)
(3284, 7644)
(2496, 7229)
(3882, 8148)
(4245, 8745)
(4893, 7580)
(1245, 7694)
(4168, 6741)
(5466, 6665)
(2987, 7482)
(3779, 7440)
(2125, 7444)
(3134, 6993)
(3004, 8535)
(3586, 7855)
(2168, 7475)
(4052, 7918)
(4780, 6677)
(3451, 7081)
(3266, 7804)
(1656, 7584)
(2969, 7847)
(3774, 7859)
(5029, 6809)
(4171, 7215)
(4445, 7201)
(3485, 6759)
(3829, 6680)
(2643, 7003)
(3491, 7933)
(2926, 8013)
(3636, 7308)
(4006, 8376)
(3289, 6995)
(3166, 7512)
(2937, 7275)
(3227, 7689)
(3757, 7693)
(2776, 7183)
(2701, 7361)
(4215, 6644)
(2566, 6710)
(1999, 7844)
(3129, 6968)
(3422, 8022)
(3990, 7596)
(4762, 8757)
(4643, 6685)
(2856, 7558)
(2290, 6514)
(2384, 7614)
(2728, 7406)
(4659, 7859)
(3050, 7481)
(5811, 6851)
(1948, 7283)
(5078, 7128)
(2769, 8469)
(3688, 7417)
(4009, 7628)
(3945, 8038)
(5141, 7015)
(2821, 7887)
(2201, 8170)
(3929, 7420)
(2844, 7235)
(3625, 7617)
(4713, 7889)
(2071, 7742)
(2925, 7488)
(4810, 7788)
(5401, 7416)
(5083, 6641)
(4047, 8238)
(5223, 6634)
(3901, 7791)
(3160, 8805)
(3629, 7848)
(2910, 6649)
(2970, 8054)
(3845, 7759)
(3198, 7643)
(3344, 8549)
(3509, 7285)
(2296, 7691)
(4024, 7430)
(2800, 7344)
(4443, 7458)
(3706, 7530)
(4745, 6731)
(4701, 7624)
(3876, 7701)
(4486, 7422)
(3928, 8027)
(1698, 7603)
(4039, 6941)
(2708, 7894)
(4371, 8305)
(3779, 7327)
(2323, 6566)
(3327, 7277)
(4950, 7268)
(4284, 6891)
(1771, 8148)
(4616, 8151)
(2489, 7330)
(3481, 7305)
(3323, 7118)
(3891, 6838)
(3104, 8060)
(3440, 7265)
(4012, 6827)
(2921, 7875)
(2668, 6665)
(2654, 6937)
(4624, 7823)
(3614, 8495)
(2739, 7825)
(5428, 7109)
(5784, 7616)
(3122, 7679)
(4268, 6700)
(2276, 6994)
(4653, 7023)
(4547, 7508)
(3995, 7525)
(2872, 6761)
(3474, 7449)
(3596, 7324)
(3204, 7849)
(4736, 7252)
(4011, 7958)
(3836, 8177)
(3988, 6991)
(3830, 8899)
(2899, 8256)
(3840, 7463)
(4432, 8047)
(4554, 7083)
(3463, 7371)
(1817, 8755)
(3462, 7962)
(5775, 7067)
(4206, 7114)
(2959, 7936)
(3841, 7424)
(5919, 7511)
(3898, 8273)
(2263, 7982)
(4178, 7996)
(4195, 7172)
(3873, 8759)
(3741, 7478)
(2288, 7345)
(4770, 8219)
(5118, 7303)
(4449, 7060)
(4559, 7900)
(6443, 8306)
(2106, 6473)
(4149, 7594)
(2333, 7730)
(700, 7731)
(4164, 8030)
(4068, 7391)
(2637, 7955)
(2541, 7461)
(5665, 7650)
(2218, 7580)
(2203, 7363)
(1999, 8193)
(1619, 7657)
(4044, 7572)
(3666, 6883)
(3614, 8044)
(2880, 6879)
(2368, 7772)
(4480, 7461)
(1803, 7683)
(2678, 7669)
(2890, 6681)
(5793, 7241)
(5189, 7200)
(2807, 8946)
(4171, 7394)
(3083, 7053)
(3024, 7239)
(3074, 7178)
(3816, 6807)
(2040, 7849)
(2836, 7652)
(3187, 7783)
(3153, 7429)
(4361, 7426)
(2700, 7797)
(3422, 7319)
(3195, 7044)
(5656, 7930)
(3167, 7797)
(4588, 8110)
(4936, 7183)
(2447, 7124)
(3649, 7589)
(3991, 6537)
(1957, 7541)
(2161, 7590)
(3890, 6490)
(2800, 7966)
(3508, 7223)
(4869, 6849)
(3355, 7106)
(6589, 8341)
(1788, 7726)
(3879, 7391)
(4293, 7077)
(4805, 7460)
(3016, 7285)
(3138, 7722)
(3162, 7660)
(3150, 7199)
(4073, 7615)
(3837, 7215)
(2618, 6638)
(3702, 6524)
(2746, 7289)
(3678, 7351)
(4925, 8268)
(4213, 7405)
(2254, 6643)
(6330, 7268)
(4619, 7364)
(2561, 7139)
(3540, 7803)
(4532, 7133)
(3719, 7406)
(2879, 7621)
(4498, 8954)
(2890, 7674)
(3244, 7122)
(3185, 7020)
(4196, 7774)
(3347, 6343)
(3321, 8057)
(3466, 6780)
(4915, 7341)
(2060, 7428)
(4467, 8339)
(4949, 8427)
(1401, 7802)
(838, 8431)
(3459, 8032)
(3097, 6920)
(4088, 6794)
(4088, 7334)
(2577, 7989)
(2022, 7736)
(3924, 7329)
(2138, 7273)
(3476, 6984)
(4724, 6916)
(3928, 7456)
(4344, 7632)
(2989, 7823)
(4833, 7108)
(4428, 6955)
(3863, 7047)
(4221, 7510)
(2641, 7290)
(2607, 7870)
(5156, 7225)
(3777, 6980)
(3401, 7293)
(515, 8236)
(5424, 6741)
(1582, 6841)
(3852, 7892)
(3202, 6916)
(3186, 8119)
(4660, 7557)
(3607, 8522)
(2589, 7040)
(5049, 8204)
(4022, 8163)
(4667, 8661)
(3145, 7870)
(3435, 7621)
(2723, 7023)
(2734, 7226)
(4665, 6914)
(3356, 7236)
(3154, 7290)
(3530, 6946)
(5636, 6979)
(4552, 6844)
(4617, 7569)
(2228, 7061)
(4281, 7330)
(5079, 6699)
(4489, 7219)
(3531, 7400)
(2240, 7865)
(3223, 7252)
(1577, 7983)
(4012, 7136)
(3518, 7689)
(2788, 7918)
(3333, 8762)
(1937, 7055)
(4210, 7445)
(4273, 8531)
(3567, 6611)
(3439, 8218)
(5493, 7302)
(4915, 6896)
(2928, 7561)
(5384, 7235)
(3778, 7564)
(2928, 8593)
(3131, 6820)
(2116, 7861)
(2931, 6948)
(3746, 8355)
(4313, 8210)
(3517, 7775)
(2691, 6999)
(2518, 7811)
(3399, 7914)
(3625, 6492)
(3321, 7370)
(2842, 6402)
(3734, 8029)
(1438, 7451)
(2267, 6918)
(3635, 7509)
(4519, 7922)
(3582, 8080)
(4461, 7495)
(3048, 8747)
(3099, 7318)
(4275, 7859)
(6025, 7385)
(3477, 7631)
(4194, 8293)
(4760, 7175)
(3746, 7879)
(4044, 7791)
(5237, 7164)
(2765, 7033)
(1894, 7287)
(4676, 7244)
(2726, 7371)
(3826, 7063)
(3444, 8065)
(5221, 7662)
(3387, 7249)
(5693, 6842)
(4315, 8265)
(2777, 7670)
(3557, 7206)
(2604, 7328)
(2555, 8203)
(4851, 8473)
(2348, 8025)
(3868, 7664)
(4361, 6707)
(3199, 7386)
(3768, 6793)
(2979, 6859)
(2829, 8132)
(4499, 7602)
(2505, 7964)
(2401, 7501)
(3438, 6868)
(2643, 6379)
(2921, 7304)
(2827, 7505)
(3202, 7707)
(2255, 7500)
(2529, 7914)
(2771, 7956)
(3153, 7093)
(4306, 7785)
(2909, 7629)
(3634, 8188)
(1820, 8037)
(2981, 7710)
(6115, 7046)
(2779, 6221)
(3647, 7737)
(1298, 7850)
(4755, 6492)
(3419, 8175)
(3469, 7858)
(2822, 6639)
(3809, 7975)
(3714, 7054)
(6072, 7616)
(2069, 7687)
(3830, 6990)
(3770, 6891)
(2129, 6914)
(3693, 8081)
(4620, 7117)
(4269, 8351)
(3809, 6850)
(3853, 6864)
(5249, 7518)
(2425, 6609)
(3966, 7726)
(4351, 7272)
(3458, 6892)
(4367, 7139)
(2886, 6258)
(4935, 7996)
(4516, 8208)
(4039, 8202)
(1591, 7872)
(2943, 7012)
(4473, 7353)
(2094, 7876)
(3705, 7008)
(5740, 7539)
(4191, 6948)
(2425, 7876)
(3920, 6549)
(2175, 8372)
(4285, 7122)
(3843, 6603)
(2172, 7546)
(2563, 6606)
(3907, 7960)
(4815, 7317)
(4691, 8452)
(4235, 6966)
(3780, 6519)
(3830, 7681)
(5367, 8386)
(3052, 7245)
(3692, 7231)
(4874, 6780)
(2999, 8463)
(4570, 7814)
(3957, 7666)
(5479, 8424)
(4792, 6880)
(5153, 7275)
(3454, 7331)
(3185, 8290)
(2903, 7472)
(3104, 7575)
(3908, 6944)
(4166, 6936)
(1806, 6997)
(4794, 7555)
(1884, 7563)
(2454, 6732)
(3012, 7692)
(3572, 7291)
(3357, 8206)
(2570, 6482)
(3575, 6770)
(5623, 7457)
(5634, 7632)
(2983, 7154)
(4044, 6864)
(3287, 7805)
(2659, 7568)
(3737, 7049)
(4530, 8541)
(1926, 6536)
(3322, 8533)
(4153, 6662)
(2502, 8093)
(3612, 6828)
(1638, 7685)
(3696, 6488)
(3123, 8106)
(2483, 7456)
(2179, 6673)
(3825, 8003)
(1914, 7340)
(3568, 8298)
(3341, 7590)
(3744, 6481)
(2941, 7526)
(2919, 6124)
(3345, 8106)
(2217, 7283)
(2308, 7433)
(1320, 7528)
(4804, 7750)
(3359, 7822)
(3406, 8277)
(3705, 7469)
(3623, 7678)
(3612, 7768)
(2550, 7063)
(2112, 6884)
(2835, 7921)
(1616, 7078)
(4098, 6870)
(3847, 8196)
(4621, 7638)
(3493, 8568)
(4043, 7227)
(3549, 7027)
(5436, 9005)
(2322, 7054)
(2281, 8524)
(3857, 8099)
(3411, 7777)
(5596, 8258)
(4173, 7463)
(2060, 6877)
(2906, 7773)
(3901, 8118)
(2717, 6760)
(4262, 6916)
(4173, 8060)
(4097, 8338)
(4849, 7401)
(2497, 7055)
(4592, 7312)
(3379, 7741)
(3434, 7861)
(4699, 7922)
(5881, 7212)
(3944, 7296)
(2393, 7235)
(3897, 6427)
(4130, 7697)
(3656, 7528)
(2727, 8285)
(4340, 7297)
(3868, 7633)
(2363, 7514)
(5592, 7219)
(4796, 7989)
(2307, 7402)
(2640, 7225)
(2671, 7792)
(3109, 7991)
(3325, 8185)
(2342, 8012)
(3819, 7568)
(5038, 8049)
(2848, 6244)
(2514, 8262)
(6016, 7411)
(4688, 7666)
(3385, 8203)
(1292, 7236)
(2770, 8071)
(3490, 8150)
(2121, 7311)
(4545, 7164)
(4601, 7022)
(2933, 7657)
(3985, 6294)
(4884, 7537)
(4107, 7028)
(5691, 7837)
(3198, 6886)
(2986, 8189)
(3354, 7927)
(3311, 8005)
(3038, 8020)
(3324, 7452)
(3725, 8376)
(4150, 6821)
(1849, 8232)
(3262, 7905)
(1356, 7832)
(3815, 6948)
(2888, 8070)
(3162, 7581)
(3543, 8120)
(2663, 7072)
(3582, 7646)
(2498, 7921)
(5364, 7155)
(2869, 7791)
(2626, 8012)
(5103, 7895)
(4105, 7153)
(2817, 6738)
(4847, 6978)
(1372, 7466)
(4920, 6549)
(1104, 7332)
(2819, 7722)
(2486, 7129)
(5039, 7520)
(3609, 8077)
(4501, 7465)
(1794, 6971)
(4412, 7962)
(1278, 7467)
(4666, 7286)
(3478, 7534)
(4247, 7058)
(3236, 6169)
(2823, 6689)
(5301, 8340)
(4383, 6424)
(2489, 7625)
(5107, 7750)
(2669, 7473)
(3257, 6712)
(4216, 7826)
(5091, 7498)
(2149, 7516)
(4683, 7375)
(3431, 8384)
(3763, 6348)
(3599, 8514)
(5229, 7228)
(3987, 7131)
(2490, 7805)
(3462, 6299)
(3754, 7313)
(3459, 6644)
(4645, 7472)
(4965, 7794)
(3296, 7904)
(2321, 7008)
(6569, 8055)
(4480, 6315)
(3544, 7765)
(4296, 7529)
(1907, 6885)
(2531, 7397)
(5305, 7703)
(1398, 6696)
(2727, 7978)
(2427, 7753)
(4686, 7087)
(2665, 7159)
(2833, 6489)
(2934, 8051)
(2195, 7254)
(5276, 7683)
(4064, 7087)
(4149, 7527)
(3876, 8500)
(2537, 7269)
(2422, 8434)
(2471, 8196)
(2505, 7868)
(2400, 7545)
(2758, 7721)
(4706, 7442)
(4645, 7518)
(3690, 6921)
(4393, 7252)
(2774, 7820)
(3063, 7600)
(1686, 7366)
(3140, 8164)
(2651, 7526)
(3659, 6977)
(3583, 8163)
(2518, 6236)
(4008, 7456)
(3020, 7131)
(2806, 7820)
(3673, 7027)
(3659, 6547)
(4096, 7263)
(3555, 7113)
(1514, 8147)
(5358, 7473)
(4195, 7801)
(1899, 6946)
(3501, 7714)
(3037, 7500)
(2588, 7434)
(2363, 8150)
(3271, 7339)
(1969, 7076)
(4207, 7750)
(4048, 6974)
(2799, 6910)
(4488, 7556)
(4368, 8132)
(2931, 6987)
(1643, 6866)
(2911, 7529)
(3871, 7338)
(2068, 7459)
(4823, 6734)
(3351, 7402)
(3616, 7274)
(3649, 7899)
(1967, 7446)
(3308, 7947)
(3088, 7672)
(4521, 6719)
(3011, 7606)
(2310, 8716)
(2276, 7050)
(6129, 7365)
(3050, 8477)
(3558, 7294)
(3151, 6941)
(3952, 6979)
(3053, 7784)
(2943, 7844)
(3583, 8015)
(4460, 7280)
(3911, 6737)
(3938, 8306)
(2749, 7425)
(1499, 8185)
(3491, 7394)
(2389, 7742)
(3618, 8304)
(3143, 6636)
(1935, 7354)
(4698, 6366)
(2023, 7451)
(2934, 8099)
(2596, 7383)
(5884, 7743)
(2904, 7601)
(2358, 7996)
(4064, 8670)
(2013, 6779)
(4208, 7611)
(3041, 7833)
(4132, 7272)
(3112, 7382)
(4450, 7325)
(2706, 6933)
(3189, 8171)
(2714, 7230)
(4854, 8678)
(2999, 6621)
(2616, 7019)
(3907, 7021)
(3168, 6846)
(4552, 6804)
(4476, 7814)
(4268, 6240)
(4416, 7094)
(4383, 7908)
(1484, 7643)
(4209, 7701)
(3176, 6599)
(2569, 6684)
(6201, 7242)
(2670, 7364)
(3240, 7463)
(3772, 7691)
(3174, 7527)
(4131, 6380)
(3110, 7412)
(3142, 6085)
(3820, 7153)
(3368, 7820)
(3324, 8279)
(5617, 8306)
(3680, 6837)
(1859, 6631)
(3977, 7308)
(2640, 7454)
(4474, 8448)
(3144, 8042)
(2521, 8087)
(3003, 7211)
(2790, 7842)
(4010, 6702)
(4209, 7666)
(1777, 7221)
(3474, 6612)
(4194, 6560)
(3163, 7223)
(4389, 7278)
(1139, 7220)
(3755, 6815)
(2989, 7661)
(2924, 7362)
(4268, 7453)
(3136, 8007)
(3245, 6992)
(2132, 7241)
(3167, 7397)
(3060, 8004)
(1501, 7655)
(5133, 8188)
(3996, 8188)
(3773, 7506)
(2620, 7848)
(2837, 7704)
(2877, 7135)
(2823, 7423)
(6035, 7582)
(5672, 7425)
(3881, 8678)
(5009, 7691)
(3426, 7044)
(3400, 6804)
(3963, 8183)
(3050, 8210)
(3988, 7582)
(1719, 7553)
(3217, 7442)
(3743, 6603)
(3236, 6963)
(3892, 7140)
(2380, 7480)
(3009, 7863)
(2925, 6885)
(1481, 6763)
(3379, 7162)
(2459, 7788)
(2779, 6781)
(4082, 6510)
(4146, 8417)
(3406, 8353)
(3694, 7398)
(4442, 6841)
(4860, 7589)
(4963, 7841)
(3949, 7808)
(4085, 8104)
(4506, 7188)
(1442, 7930)
(4294, 7985)
(3676, 8175)
(3915, 7225)
(5348, 7500)
(6076, 7762)
(5062, 7869)
(2157, 7441)
(5413, 7194)
(4004, 6446)
(2454, 7286)
(3210, 7582)
(2339, 7858)
(4928, 7761)
(4281, 7033)
(4200, 7367)
(4602, 6674)
(2619, 6799)
(3328, 7664)
(4360, 7524)
(1820, 7018)
(2603, 8113)
(5332, 7662)
(2617, 7687)
(1808, 7599)
(2909, 7865)
(2820, 8654)
(5402, 7507)
(3702, 7808)
(2568, 7362)
(1698, 7169)
(4046, 6791)
(2488, 8403)
(3927, 7667)
(3484, 7474)
(3666, 5965)
(4971, 7528)
(3907, 7905)
(4140, 7956)
(4104, 6981)
(6159, 7933)
(3601, 7805)
(4215, 6615)
(1784, 8527)
(4523, 7777)
(1161, 7018)
(3695, 6732)
(3707, 7573)
(2036, 8433)
(2668, 6883)
(4639, 7671)
(3607, 7644)
(3042, 6407)
(4124, 7430)
(1675, 7775)
(2003, 6530)
(2284, 6966)
(1204, 7294)
(2738, 7913)
(2903, 7851)
(5239, 8242)
(3770, 7723)
(3568, 7530)
(3236, 7886)
(5290, 6693)
(2239, 6762)
(4746, 7379)
(2284, 7186)
(4276, 8219)
(2691, 7420)
(4631, 8461)
(4644, 7052)
(1528, 6756)
(2764, 6429)
(3679, 7652)
(6250, 8045)
(5464, 7142)
(1948, 7104)
(2737, 8176)
(4473, 7250)
(4583, 7185)
(2426, 8234)
(3036, 8663)
(5849, 7300)
(5281, 9436)
(2575, 8059)
(3609, 7380)
(2221, 7805)
(2770, 7478)
(2056, 7272)
(2981, 7896)
(3093, 6749)
(4638, 7171)
(2703, 7180)
(3677, 7392)
(4876, 8038)
(4150, 7432)
(2368, 8632)
(4484, 7515)
(2655, 7651)
(4284, 7729)
(1852, 7544)
(3981, 8223)
(3028, 7308)
(2343, 8132)
(3677, 8623)
(2881, 7020)
(3378, 7965)
(3172, 7324)
(3478, 7662)
(3551, 7362)
(3891, 6997)
(4807, 7630)
(2935, 7316)
(3867, 7934)
(5383, 7377)
(3722, 7687)
(5434, 7660)
(4059, 8330)
(3433, 7225)
(3257, 6616)
(2597, 7229)
(4694, 8156)
(3886, 7316)
(4269, 7356)
(2451, 7522)
(2987, 7393)
(1529, 7386)
(4237, 7730)
(4845, 7804)
(2787, 7497)
(3320, 8658)
(3354, 8479)
(6317, 7925)
(3351, 7144)
(2958, 6525)
(4673, 6414)
(4386, 7709)
(2721, 6643)
(3975, 7811)
(5040, 7403)
(4152, 7326)
(3705, 8394)
(4841, 7939)
(4697, 6718)
(2600, 7472)
(3469, 7159)
(2852, 7524)
(3051, 8106)
(4475, 7737)
(3653, 8062)
(4410, 7655)
(4878, 7891)
(2382, 7069)
(2898, 7978)
(3696, 6450)
(3574, 7914)
(3685, 7752)
(2993, 7814)
(3375, 7615)
(4345, 7501)
(3226, 8154)
(4020, 7858)
(3975, 8139)
(3709, 7629)
(4919, 7316)
(1818, 6434)
(2710, 8019)
(3090, 8535)
(2592, 7201)
(5346, 6894)
(6485, 8273)
(2706, 7109)
(4438, 7257)
(5795, 6387)
(2470, 7831)
(3472, 8189)
(3309, 7342)
(3574, 7243)
(3479, 7061)
(4021, 6985)
(4445, 7605)
(3342, 7764)
(3388, 6952)
(4507, 7746)
(5421, 7131)
(3476, 7781)
(3642, 7824)
(3801, 8281)
(5353, 8914)
(4404, 7583)
(2175, 7380)
(2535, 7573)
(5092, 7688)
(3831, 7378)
(3526, 7086)
(5071, 7944)
(1170, 7402)
(4832, 8701)
(4267, 8077)
(3025, 8125)
(4512, 7067)
(4317, 7745)
(5898, 7495)
(4025, 6654)
(2154, 7733)
(3818, 7632)
(4231, 7302)
(5421, 7801)
(2597, 7756)
(3645, 7640)
(5114, 7845)
(4536, 7431)
(4105, 8420)
(4119, 6413)
(2025, 7004)
(4494, 7953)
(3853, 7858)
(2431, 6800)
(5172, 7931)
(3993, 7370)
(3515, 8875)
(4389, 7748)
(4069, 7468)
(2190, 6561)
(2719, 8132)
(3354, 6872)
(2609, 6752)
(4929, 8145)
(2386, 7810)
(598, 8182)
(4635, 8065)
(3571, 7588)
(3290, 7470)
(4478, 8218)
(4242, 8346)
(1849, 6720)
(2179, 7635)
(288, 7159)
(4867, 7371)
(4252, 8381)
(2704, 7721)
(1849, 8498)
(3567, 7833)
(3869, 7540)
(5256, 8032)
(2380, 7438)
(4597, 7800)
(4183, 7285)
(2452, 7149)
(3419, 7706)
(3806, 7375)
(1499, 7020)
(3559, 6523)
(3616, 9339)
(3937, 7395)
(5211, 8261)
(4389, 8415)
(4916, 7811)
(6968, 7952)
(4371, 7567)
(3272, 7777)
(3709, 6776)
(3224, 7137)
(2332, 6658)
(3353, 6690)
(2618, 8282)
(4134, 7566)
(2666, 7223)
(3893, 8186)
(4704, 8245)
(4262, 7963)
(1272, 6976)
(3835, 6801)
(4910, 7417)
(4040, 7445)
(3845, 7157)
(5334, 7409)
(4236, 7432)
(4645, 7396)
(2262, 7650)
(4857, 7728)
(3881, 7497)
(2756, 8327)
(3293, 7762)
(4399, 8355)
(2371, 7573)
(5082, 6741)
(2413, 7263)
(4293, 8497)
(2479, 6438)
(3021, 7665)
(4454, 7118)
(3557, 8373)
(2852, 8059)
(4116, 6513)
(4191, 8037)
(1743, 7279)
(5561, 6666)
(2793, 7578)
(3441, 9086)
(4297, 6931)
(4105, 7994)
(3381, 7589)
(3311, 7807)
(3136, 6685)
(3872, 6655)
(3713, 8767)
(5361, 7975)
(3742, 8190)
(2479, 7983)
(3125, 8249)
(4239, 7206)
(4470, 6785)
(4800, 8050)
(1927, 7174)
(3785, 8593)
(3097, 7728)
(3312, 6943)
(5068, 6408)
(4954, 7753)
(2402, 8199)
(5024, 7600)
(2731, 8637)
(5595, 6343)
(316, 7766)
(3206, 7899)
(2316, 8050)
(4215, 7481)
(5122, 6961)
(3157, 6881)
(4830, 8432)
(2296, 7220)
(4585, 7770)
(332, 7194)
(5723, 6694)
(5135, 8315)
(2185, 7020)
(1177, 7086)
(5428, 7417)
(3165, 7456)
(2808, 7417)
(3283, 8347)
(2204, 7524)
(4928, 7111)
(367, 6936)
(3172, 7923)
(2528, 7646)
(3512, 7109)
(4211, 8060)
(4088, 7495)
(2018, 7299)
(3887, 7277)
(3075, 8087)
(3512, 8296)
(5390, 6652)
(1767, 6544)
(4269, 8131)
(4775, 7342)
(2388, 7717)
(4684, 8560)
(4326, 7587)
(2767, 6979)
(4278, 6999)
(1456, 6751)
(2679, 8383)
(5238, 7192)
(4653, 8097)
(4035, 7606)
(3030, 8393)
(1546, 7564)
(5319, 7438)
(2204, 7850)
(3086, 7388)
(3665, 8143)
(4425, 6905)
(2931, 7750)
(3474, 8231)
(4134, 7627)
(3100, 7277)
(3924, 7522)
(3545, 7451)
(3274, 7171)
(3807, 7403)
(3647, 7710)
(5358, 7184)
(3734, 7956)
(1898, 7947)
(2364, 7598)
(1208, 7885)
(3094, 7813)
(3869, 8858)
(3650, 7771)
(3293, 8801)
(5022, 7445)
(4586, 7828)
(3196, 8353)
(4619, 7473)
(4040, 7486)
(1366, 7150)
(3663, 8218)
(5939, 7814)
(3070, 7866)
(3102, 7132)
(3731, 8971)
(1482, 7705)
(2754, 7386)
(1659, 8194)
(1824, 8424)
(3046, 8266)
(3144, 6561)
(1809, 7931)
(3811, 7830)
(4729, 6511)
(1669, 8014)
(2169, 7201)
(4693, 6974)
(3623, 6967)
(1614, 7615)
(2273, 8170)
(2495, 7495)
(3295, 6752)
(4252, 6783)
(2735, 6903)
(2913, 7713)
(2511, 6958)
(5225, 7994)
(5559, 8063)
(2785, 8214)
(3336, 7834)
(2862, 8284)
(3449, 7796)
(2590, 7964)
(2865, 7328)
(2741, 8261)
(3418, 6848)
(3286, 8181)
(5895, 7374)
(3433, 7746)
(1341, 7742)
(4902, 7031)
(3442, 7662)
(2620, 7433)
(4753, 7306)
(2040, 6985)
(1887, 8121)
(5494, 7159)
(466, 7886)
(3645, 8534)
(3048, 7701)
(1952, 7472)
(2597, 8433)
(5140, 6856)
(2963, 6743)
(3022, 6522)
(2562, 7177)
(3901, 6870)
(4516, 7966)
(5214, 8090)
(3334, 7040)
(4462, 7782)
(4973, 6983)
(5221, 8149)
(5930, 7924)
(958, 7657)
(3360, 7014)
(3928, 7363)
(3208, 7549)
(4059, 7298)
(4339, 7013)
(4751, 7449)
(1104, 6856)
(5589, 7311)
(3949, 7133)
(2365, 7122)
(1210, 7322)
(1685, 7988)
(2396, 8544)
(3046, 7891)
(3819, 7268)
(3638, 7551)
(2553, 6947)
(2144, 6621)
(3766, 7930)
(5004, 7427)
(3587, 7690)
(2900, 7889)
(4175, 8109)
(4374, 6651)
(5169, 7870)
(4742, 8474)
(4638, 8149)
(4396, 6783)
(2303, 8290)
(3192, 8442)
(2428, 7947)
(1519, 7215)
(2171, 7888)
(4846, 7561)
(2236, 7173)
(5736, 7379)
(3930, 5860)
(4020, 6899)
(5837, 7260)
(2859, 7065)
(3372, 7460)
(5756, 8304)
(5159, 7361)
(4486, 8265)
(3973, 7700)
(3962, 7270)
(1656, 7311)
(625, 7705)
(2337, 7236)
(2881, 6970)
(3791, 6815)
(3256, 7671)
(2521, 7138)
(3456, 7469)
(4203, 8707)
(1912, 7097)
(2212, 6621)
(2941, 6913)
(3217, 8081)
(2956, 7038)
(4168, 7033)
(2991, 6814)
(3968, 8375)
(3903, 7452)
(5321, 6951)
(5412, 7978)
(4324, 6967)
(5450, 6921)
(2480, 8515)
(2522, 7070)
(2667, 6774)
(5451, 7724)
(2846, 7105)
(2116, 7934)
(4706, 6822)
(2329, 7291)
(3873, 7218)
(2746, 7878)
(3633, 8002)
(1741, 6915)
(4223, 6378)
(1963, 7371)
(3424, 6890)
(7863, 3257)
(7867, 3596)
(7514, 3121)
(7570, 2982)
(7822, 3421)
(7136, 3666)
(7585, 2895)
(7351, 3235)
(7600, 3979)
(8250, 3766)
(7529, 3944)
(7806, 3725)
(7559, 3646)
(7383, 3293)
(7077, 3553)
(6905, 3470)
(7221, 3282)
(8129, 3203)
(7138, 3212)
(7599, 3623)
(8068, 4029)
(7132, 3510)
(8070, 3658)
(6880, 3236)
(7263, 3407)
(6862, 3430)
(7699, 3734)
(6584, 3270)
(7805, 3359)
(7245, 3380)
(7364, 3403)
(6895, 3652)
(7105, 3961)
(7551, 3192)
(6820, 4059)
(7043, 3610)
(7910, 3382)
(6943, 3798)
(8182, 3520)
(7451, 3280)
(8125, 3544)
(7210, 4129)
(8323, 3311)
(7212, 3687)
(7038, 3864)
(7368, 3476)
(8097, 3344)
(6877, 3347)
(7963, 3568)
(7433, 3730)
(7541, 3236)
(6553, 3318)
(7665, 3701)
(7674, 3452)
(6475, 3115)
(8676, 2954)
(7765, 3953)
(8145, 3324)
(7839, 4003)
(7494, 3331)
(7183, 3161)
(7241, 3685)
(8087, 3227)
(6765, 3647)
(6870, 3929)
(7295, 3649)
(7405, 3132)
(7815, 3509)
(7481, 3808)
(6487, 3129)
(7148, 3060)
(7919, 3154)
(8416, 3566)
(7785, 3433)
(7750, 3386)
(7541, 3561)
(7224, 3912)
(7388, 3375)
(6679, 3390)
(7102, 3539)
(6867, 2718)
(7956, 3175)
(7459, 3122)
(7546, 3651)
(7115, 3876)
(7556, 3280)
(7863, 3021)
(7351, 3502)
(7118, 3096)
(7677, 3924)
(7465, 3152)
(8160, 3513)
(7446, 3574)
(7147, 3482)
(6551, 3508)
(7431, 3447)
(8129, 3489)
(8480, 3932)
(8408, 3535)
(7575, 3427)
(8436, 3655)
(7850, 3549)
(7635, 3819)
(6615, 3414)
(7334, 3301)
(7700, 3362)
(8734, 3640)
(8268, 3600)
(7149, 3834)
(7339, 3511)
(7334, 3648)
(7570, 3335)
(7366, 4004)
(7221, 3704)
(7393, 3422)
(7387, 3560)
(7693, 3431)
(7822, 3676)
(7876, 3113)
(8233, 3261)
(7779, 3289)
(7617, 3291)
(7748, 3593)
(7987, 3485)
(7787, 3092)
(7169, 3886)
(7112, 2991)
(7083, 3798)
(6563, 3453)
(7751, 3688)
(7770, 3663)
(7477, 3026)
(8047, 4009)
(7633, 3487)
(7406, 3681)
(6368, 2876)
(7426, 3656)
(7435, 3428)
(7538, 3633)
(7852, 3555)
(7903, 3618)
(6626, 3864)
(6805, 3288)
(8276, 3576)
(6995, 3786)
(7078, 3766)
(8247, 3042)
(6991, 3678)
(7766, 3867)
(7103, 3620)
(7726, 3145)
(7320, 2966)
(6256, 3630)
(7426, 3387)
(7285, 3734)
(8182, 3724)
(6433, 3016)
(7194, 3402)
(7326, 3809)
(6984, 3609)
(7833, 3231)
(7517, 3873)
(7582, 3618)
(7544, 3196)
(7012, 3920)
(8232, 3697)
(7576, 3540)
(7876, 3572)
(7187, 3139)
(7515, 3316)
(7791, 3442)
(7346, 3946)
(7813, 3386)
(7371, 4152)
(6891, 3800)
(7884, 3818)
(7909, 3566)
(8188, 3617)
(8517, 3540)
(6946, 3092)
(7195, 3733)
(7843, 3438)
(7730, 3626)
(6750, 2790)
(7779, 3644)
(7371, 3390)
(7601, 3209)
(8097, 3413)
(7769, 3705)
(7608, 3381)
(7980, 3543)
(8295, 3606)
(8354, 3452)
(7419, 2993)
(8364, 3288)
(7503, 2806)
(7081, 3604)
(7526, 3346)
(7639, 3217)
(7721, 2735)
(6741, 3789)
(6912, 3296)
(7821, 3172)
(8015, 3354)
(8282, 3742)
(7001, 3281)
(7992, 4033)
(7251, 3306)
(7965, 3418)
(8076, 3204)
(7369, 3706)
(7024, 3232)
(7033, 3787)
(6840, 3688)
(7974, 3903)
(8785, 4035)
(7386, 3573)
(7563, 3307)
(7619, 3454)
(6827, 3234)
(7148, 3871)
(8607, 3792)
(6943, 4167)
(7466, 3363)
(8080, 3025)
(7661, 3952)
(7314, 3532)
(7005, 4028)
(7119, 3227)
(7040, 3753)
(8266, 3445)
(7843, 3433)
(7264, 3523)
(7616, 3612)
(7848, 3416)
(7081, 3133)
(6462, 3444)
(7049, 3432)
(7117, 3018)
(7347, 3805)
(7026, 3423)
(7636, 3857)
(7513, 3380)
(8264, 3220)
(7053, 3149)
(7847, 3388)
(7952, 3111)
(8618, 3688)
(7701, 3579)
(8048, 3432)
(7350, 3264)
(7491, 3491)
(8365, 3478)
(7076, 3719)
(7724, 2957)
(7982, 3589)
(7157, 3403)
(8443, 3213)
(7655, 3668)
(7276, 3061)
(8186, 3757)
(7888, 3425)
(7158, 3349)
(7725, 3872)
(7345, 3735)
(6452, 3480)
(6828, 3271)
(7125, 3168)
(6645, 3001)
(7905, 3907)
(8726, 3328)
(7464, 3536)
(7721, 3663)
(7260, 3433)
(7671, 4037)
(8181, 3496)
(7288, 4252)
(7190, 3961)
(6988, 2950)
(7685, 3134)
(7423, 3718)
(7464, 3556)
(8298, 3551)
(7878, 3505)
(7524, 3482)
(7824, 3816)
(8069, 3155)
(6963, 3842)
(7255, 3410)
(7952, 3717)
(7288, 4023)
(7924, 3198)
(7487, 3377)
(6826, 4093)
(6854, 3684)
(7372, 3768)
(7940, 2554)
(8252, 3603)
(7568, 3105)
(7909, 3543)
(7537, 3693)
(6951, 3335)
(7992, 3751)
(6895, 3528)
(7917, 3422)
(6450, 3812)
(7031, 3647)
(8019, 3674)
(8290, 3793)
(7179, 3186)
(7467, 3597)
(7382, 3093)
(6861, 3518)
(6873, 3479)
(8049, 3361)
(7350, 3334)
(7460, 3492)
(7704, 3400)
(7678, 3473)
(7528, 3178)
(6570, 3688)
(7889, 3798)
(7439, 3754)
(7050, 3810)
(6881, 2682)
(7728, 3096)
(8262, 2979)
(8005, 3182)
(7589, 4075)
(7982, 3278)
(6990, 3354)
(7632, 3259)
(7196, 3450)
(8098, 3183)
(6865, 3418)
(7436, 3474)
(6821, 2986)
(7887, 4021)
(7720, 3572)
(7775, 3452)
(7208, 3089)
(7731, 3512)
(6858, 3207)
(7078, 3382)
(7050, 3714)
(7052, 2993)
(7883, 3661)
(8126, 3639)
(7639, 3297)
(7425, 3594)
(7003, 3049)
(7395, 4118)
(7636, 3547)
(7937, 3394)
(8094, 3742)
(7490, 3417)
(7632, 3739)
(8234, 3539)
(7658, 3891)
(7009, 3596)
(7919, 3871)
(7775, 3499)
(7734, 3303)
(7295, 3162)
(7574, 3402)
(7399, 3232)
(7878, 3945)
(7321, 3395)
(6857, 3658)
(6790, 3309)
(7898, 2891)
(7614, 3659)
(6380, 3049)
(7101, 3369)
(7656, 3589)
(7280, 3701)
(8124, 3239)
(7198, 3660)
(7832, 3279)
(7499, 3736)
(8230, 3866)
(7719, 3277)
(7751, 3316)
(7229, 3372)
(7296, 3363)
(7931, 3570)
(6800, 4116)
(8820, 3847)
(7237, 3750)
(7354, 3871)
(7377, 3673)
(7678, 3829)
(7370, 3273)
(7276, 3838)
(6500, 3891)
(7746, 3078)
(6894, 3676)
(7155, 3616)
(6970, 3429)
(7699, 4017)
(8253, 3650)
(7169, 3593)
(7295, 3499)
(7335, 4092)
(8154, 3608)
(7722, 3430)
(7166, 3674)
(7433, 3142)
(8239, 3618)
(7657, 3394)
(8015, 3853)
(6553, 4043)
(8091, 3570)
(6851, 3260)
(7089, 3860)
(7230, 3610)
(7738, 3834)
(7095, 3412)
(7236, 3502)
(7947, 3674)
(6851, 3868)
(6675, 3162)
(6783, 3579)
(7176, 3041)
(7883, 3651)
(6818, 3700)
(7071, 3289)
(7045, 3462)
(7293, 3227)
(8956, 3356)
(7323, 3404)
(7860, 4024)
(7792, 3318)
(7623, 3698)
(8149, 3577)
(7835, 3725)
(7493, 4076)
(7514, 3734)
(7968, 3104)
(6654, 3519)
(7983, 3226)
(7026, 3361)
(8261, 3277)
(8334, 3828)
(7420, 3274)
(6707, 3713)
(7442, 3763)
(7236, 3186)
(7692, 3206)
(7437, 3000)
(8165, 3218)
(7163, 3626)
(8449, 3821)
(7767, 3549)
(7504, 3256)
(7562, 2954)
(7430, 3769)
(6588, 3526)
(7600, 3898)
(7379, 3630)
(7627, 3572)
(8387, 3761)
(6925, 3129)
(8712, 3147)
(6970, 3130)
(7177, 3525)
(7936, 3446)
(6505, 3528)
(7445, 3679)
(7420, 3022)
(7935, 2741)
(6440, 3281)
(6085, 3416)
(7164, 3440)
(7380, 3476)
(8014, 3595)
(8239, 3831)
(8077, 3829)
(9538, 3544)
(7608, 3684)
(7844, 3763)
(7252, 3363)
(7886, 3704)
(6798, 3741)
(7034, 3284)
(7991, 3699)
(7973, 3496)
(6449, 4014)
(7995, 3143)
(7640, 3804)
(7152, 3511)
(7587, 3813)
(6949, 3174)
(7923, 3769)
(7324, 2833)
(7038, 3668)
(7141, 3327)
(7526, 3211)
(7227, 4010)
(7513, 2777)
(6593, 2855)
(7141, 3395)
(8120, 3933)
(7580, 3593)
(6856, 3053)
(8334, 3426)
(8083, 3154)
(7955, 3623)
(8596, 3119)
(7746, 4119)
(7474, 3459)
(8180, 2925)
(7986, 3536)
(7193, 3469)
(8639, 2760)
(7273, 3168)
(6421, 3645)
(7461, 3208)
(7413, 3029)
(7170, 3180)
(7536, 3501)
(7458, 3602)
(7715, 3489)
(7750, 2976)
(7886, 3748)
(7858, 3452)
(8350, 3657)
(7466, 3654)
(7565, 2916)
(7591, 3705)
(7276, 3548)
(6744, 3688)
(7645, 3230)
(7371, 3154)
(7260, 3386)
(7349, 4186)
(7274, 3291)
(7865, 3991)
(8236, 3456)
(8416, 3124)
(7865, 3726)
(7200, 3866)
(7450, 3811)
(6980, 3192)
(7477, 3520)
(7648, 2953)
(7410, 3637)
(8232, 3507)
(7528, 3373)
(7909, 3821)
(6904, 3594)
(7620, 3153)
(7498, 3404)
(7576, 3730)
(6708, 2348)
(7106, 3916)
(8062, 2997)
(7311, 3679)
(7174, 3578)
(6633, 3557)
(8304, 3447)
(7541, 3599)
(6819, 3645)
(7102, 3467)
(7193, 3705)
(7508, 3629)
(7093, 3676)
(8131, 3765)
(7753, 3417)
(7418, 3920)
(8366, 3575)
(7452, 4207)
(7766, 3765)
(7338, 3249)
(7960, 3632)
(7189, 3229)
(7810, 3287)
(8184, 3238)
(8565, 3522)
(7243, 3641)
(7592, 3564)
(7308, 3253)
(7441, 3640)
(7723, 3738)
(8433, 3364)
(6982, 3562)
(7023, 3155)
(8487, 3390)
(8025, 3503)
(8535, 3406)
(7862, 3397)
(7578, 3848)
(7305, 3600)
(7522, 3406)
(7573, 3743)
(7123, 3752)
(7962, 3351)
(7848, 3503)
(7228, 3825)
(7591, 3494)
(7854, 3868)
(7595, 4418)
(8516, 4136)
(7836, 3637)
(7819, 3323)
(6901, 3105)
(7325, 3418)
(6786, 3357)
(6796, 3150)
(7929, 3805)
(6960, 3470)
(7441, 3225)
(7656, 3382)
(7357, 4044)
(7622, 3096)
(8349, 3860)
(7402, 3322)
(6643, 3269)
(6871, 4031)
(7327, 3882)
(7531, 3678)
(7076, 4137)
(8522, 3478)
(7993, 3367)
(8389, 3452)
(6925, 3864)
(6880, 3176)
(7404, 3755)
(8528, 3266)
(6815, 3530)
(7724, 3244)
(8659, 3826)
(7601, 3349)
(7518, 4042)
(7924, 3467)
(7157, 3548)
(7849, 3120)
(7574, 4023)
(7378, 3718)
(8229, 4393)
(7659, 3608)
(7615, 3342)
(7317, 3720)
(6828, 3565)
(6600, 3768)
(7630, 3515)
(7045, 3326)
(7135, 3623)
(7639, 3774)
(8027, 3442)
(7614, 3626)
(6621, 3893)
(8307, 4111)
(8360, 3942)
(7926, 3480)
(7630, 3972)
(7664, 3196)
(7714, 2767)
(7375, 3041)
(8041, 4065)
(6915, 3372)
(7950, 3592)
(7139, 3702)
(7376, 3358)
(7456, 3033)
(6031, 3430)
(7121, 3370)
(8061, 3319)
(7051, 3543)
(7189, 3800)
(7638, 3434)
(6496, 3383)
(8608, 3585)
(8620, 4089)
(7043, 3476)
(6708, 3745)
(7654, 3641)
(7178, 3368)
(7029, 3699)
(8109, 3652)
(7269, 3285)
(8105, 3290)
(6934, 3675)
(7519, 3848)
(7023, 3470)
(8135, 3403)
(7421, 3828)
(8135, 3297)
(7758, 3046)
(7796, 3847)
(6914, 3822)
(7534, 2896)
(7160, 3987)
(6771, 3814)
(6673, 3578)
(7663, 3263)
(7459, 2998)
(7811, 2727)
(8741, 4018)
(7539, 4018)
(6991, 3733)
(8121, 3465)
(7201, 3354)
(7054, 3500)
(7901, 3343)
(8117, 3318)
(7031, 3143)
(6970, 4033)
(7758, 3597)
(7221, 2914)
(8268, 3358)
(7353, 3203)
(6589, 4095)
(8048, 3394)
(7314, 3114)
(7336, 3475)
(6763, 3235)
(7953, 3244)
(7895, 3489)
(8183, 3669)
(8681, 3354)
(7548, 3774)
(6494, 3036)
(7939, 3024)
(7288, 3575)
(6761, 3499)
(6492, 4025)
(7217, 3311)
(7338, 4232)
(7518, 3446)
(7444, 3830)
(6581, 4007)
(7508, 3032)
(7111, 4343)
(6237, 3316)
(7780, 3811)
(7145, 4058)
(8219, 3361)
(7023, 2804)
(7584, 3515)
(7325, 3208)
(6339, 4080)
(7316, 3181)
(6412, 3481)
(7996, 2896)
(8229, 3879)
(7362, 3898)
(6526, 3998)
(7188, 4005)
(7817, 3050)
(7022, 3576)
(6764, 3418)
(6967, 3506)
(7184, 3936)
(8454, 2903)
(7739, 3711)
(6307, 3498)
(6609, 3775)
(7714, 3479)
(7629, 3163)
(8015, 3702)
(8123, 3906)
(7675, 3347)
(6403, 3756)
(7709, 3336)
(7056, 3077)
(6859, 3366)
(8003, 3306)
(7749, 3467)
(6975, 3684)
(8118, 3391)
(8209, 2946)
(7717, 3522)
(8201, 3452)
(6972, 2995)
(8069, 3710)
(7234, 3412)
(8026, 3972)
(8056, 3607)
(7154, 3255)
(8210, 3574)
(8094, 3874)
(7194, 3123)
(8140, 3669)
(7106, 3612)
(8640, 3898)
(7397, 2935)
(7535, 3973)
(7442, 3902)
(8047, 3183)
(7924, 3513)
(7887, 2678)
(7196, 3759)
(8400, 3617)
(8119, 2832)
(7606, 3058)
(6836, 3825)
(7740, 3753)
(6736, 3263)
(8171, 3548)
(7239, 3854)
(7440, 2892)
(6939, 3629)
(7019, 3506)
(7758, 3914)
(7418, 3348)
(8222, 3295)
(8268, 3918)
(7181, 3263)
(7537, 3811)
(7047, 3996)
(7113, 3276)
(7761, 2866)
(7778, 3116)
(7547, 3836)
(7285, 3413)
(7926, 4014)
(7568, 3503)
(7133, 3799)
(7294, 3628)
(6808, 3109)
(7241, 3105)
(6511, 3977)
(6721, 3473)
(7939, 3741)
(6780, 3626)
(8037, 3822)
(6804, 3371)
(8132, 3183)
(6734, 3595)
(6816, 3761)
(7292, 3490)
(6526, 3150)
(7343, 3590)
(6324, 3705)
(7074, 3174)
(6942, 3722)
(8679, 3627)
(7492, 3964)
(6489, 3550)
(7846, 2922)
(7741, 2911)
(7994, 3034)
(8223, 4035)
(6991, 3369)
(7408, 3972)
(7776, 3331)
(6860, 2940)
(6977, 4289)
(8054, 3624)
(8068, 3444)
(7142, 3589)
(6800, 3235)
(7748, 3171)
(7188, 3829)
(6557, 2972)
(6835, 3989)
(8548, 3166)
(7200, 3522)
(7851, 3159)
(7304, 3427)
(7287, 3866)
(6595, 3386)
(8452, 3901)
(6716, 3374)
(8293, 2974)
(7335, 3114)
(7912, 3698)
(7436, 3406)
(6494, 3493)
(6471, 3323)
(6616, 3328)
(8057, 3304)
(7013, 3428)
(7446, 3354)
(7301, 3475)
(8235, 3129)
(8091, 3281)
(6562, 3210)
(7728, 2799)
(6968, 3536)
(6699, 3667)
(7096, 3935)
(7283, 3919)
(8621, 3393)
(8215, 3673)
(6974, 3382)
(7238, 3481)
(7852, 3349)
(6788, 3405)
(8431, 3433)
(6998, 4183)
(7708, 3596)
(8300, 3721)
(7970, 3015)
(7197, 4060)
(8030, 3530)
(8045, 2678)
(7307, 3024)
(7972, 3722)
(6613, 3117)
(7669, 2948)
(7276, 3340)
(7832, 3930)
(7401, 4048)
(7560, 3998)
(6822, 3597)
(6930, 3158)
(6635, 3838)
(7588, 3930)
(7864, 3202)
(7489, 3779)
(6863, 3451)
(7690, 4059)
(7690, 3807)
(8132, 3691)
(8150, 3836)
(7828, 3298)
(8580, 3677)
(7215, 3966)
(7317, 3752)
(6683, 3283)
(6807, 3895)
(7212, 3559)
(7242, 3038)
(6555, 4768)
(8640, 3272)
(7568, 3429)
(7580, 3182)
(7966, 3522)
(7235, 2712)
(7607, 3250)
(6879, 3394)
(7008, 3095)
(7643, 3764)
(7664, 3528)
(7631, 3410)
(7399, 3881)
(6218, 3727)
(7922, 3261)
(7163, 3074)
(7514, 3190)
(7251, 3950)
(6489, 3438)
(6709, 3913)
(6810, 3956)
(7796, 3360)
(6646, 4353)
(6847, 4215)
(7563, 3885)
(7149, 3726)
(6658, 4037)
(7102, 2514)
(7490, 3107)
(6913, 3263)
(8267, 3418)
(7228, 3494)
(6398, 3228)
(6652, 2893)
(7111, 3438)
(7242, 3525)
(7296, 2866)
(6615, 3176)
(7467, 4028)
(8120, 3170)
(6901, 3031)
(6931, 3400)
(7068, 2861)
(6673, 3535)
(7676, 3689)
(7943, 3994)
(7174, 4115)
(7224, 3253)
(7679, 2911)
(7373, 4099)
(7044, 3331)
(6444, 3545)
(8036, 2869)
(7779, 3508)
(7373, 3312)
(6847, 3606)
(7702, 4229)
(6498, 3243)
(7858, 3317)
(7653, 3110)
(7981, 3789)
(7638, 3147)
(6177, 3382)
(7764, 3620)
(7798, 3207)
(7417, 3308)
(8163, 3778)
(6882, 3630)
(7703, 3766)
(7576, 3374)
(7467, 3919)
(8278, 4014)
(7510, 3240)
(8491, 3566)
(6667, 3328)
(7643, 3326)
(8315, 3526)
(7547, 3059)
(7204, 3180)
(6758, 3413)
(7340, 3459)
(6952, 4124)
(7309, 4119)
(7652, 3079)
(6957, 3764)
(6715, 3403)
(8249, 3185)
(8661, 3399)
(8837, 3418)
(7671, 2787)
(8192, 2850)
(6769, 4036)
(7758, 3169)
(8180, 3898)
(7937, 3341)
(7402, 3484)
(7674, 3167)
(7525, 2842)
(7252, 3326)
(8351, 3750)
(7500, 3301)
(7439, 3330)
(6920, 3956)
(8087, 3502)
(8306, 3915)
(8041, 3628)
(7904, 3726)
(8007, 3776)
(6792, 3651)
(7428, 3103)
(6159, 3624)
(7163, 4085)
(7704, 2880)
(6779, 2934)
(8560, 3655)
(7714, 3111)
(7563, 3517)
(6825, 3431)
(6811, 4023)
(6919, 3733)
(8400, 3902)
(8025, 3946)
(7118, 2968)
(7784, 3915)
(6697, 3544)
(7030, 2958)
(7290, 3197)
(6391, 2912)
(8197, 3259)
(8252, 2388)
(7702, 3521)
(8058, 3770)
(6351, 3448)
(8039, 3480)
(7775, 3573)
(8110, 3722)
(6802, 4146)
(6862, 3122)
(6779, 3265)
(8380, 3720)
(7808, 4201)
(8195, 3426)
(7753, 3889)
(8194, 3983)
(6851, 3743)
(6531, 3431)
(7944, 3303)
(8810, 3250)
(7664, 3554)
(7922, 3235)
(7344, 3077)
(7234, 3335)
(7821, 4243)
(8606, 3553)
(8396, 3284)
(8863, 3467)
(8318, 3404)
(8701, 3609)
(7890, 3831)
(6663, 3805)
(6648, 3762)
(7834, 3051)
(8346, 3535)
(8003, 3065)
(7333, 4350)
(7596, 3763)
(6833, 3129)
(6804, 3850)
(6875, 3567)
(7653, 2668)
(8180, 3347)
(8108, 3813)
(7255, 3787)
(7891, 3215)
(7258, 3137)
(8147, 3355)
(7454, 2817)
(8090, 2620)
(7488, 3279)
(7795, 3625)
(7897, 3005)
(7460, 3842)
(7518, 3294)
(7452, 4240)
(8265, 4271)
(8308, 3866)
(8043, 3044)
(6784, 3776)
(8192, 4140)
(7237, 4108)
(8118, 3043)
(7779, 4010)
(6589, 3471)
(8070, 3064)
(6616, 3523)
(8324, 3636)
(8048, 3116)
(7090, 3718)
(6910, 3799)
(7282, 3653)
(7663, 3345)
(8188, 3928)
(7599, 3079)
(8127, 4080)
(8147, 2866)
(6569, 3590)
(7065, 2433)
(7020, 3333)
(6912, 3498)
(7714, 3880)
(7984, 3867)
(7144, 3270)
(8400, 4076)
(7160, 3288)
(7354, 3689)
(6546, 3696)
(7195, 2810)
(8487, 3420)
(7106, 2892)
(7668, 4091)
(6771, 3872)
(7103, 4074)
(6869, 4058)
(7004, 2848)
(6365, 3187)
(8690, 3708)
(7687, 4400)
(7563, 3443)
(6443, 3660)
(7220, 3774)
(7837, 4168)
(7719, 3710)
(7950, 2802)
(6661, 2943)
(8035, 3720)
(7033, 3388)
(6965, 3307)
(8179, 4264)
(8430, 3943)
(6603, 3744)
(8043, 3749)
(6848, 3331)
(6907, 3343)
(7107, 2662)
(8658, 3510)
(7075, 3444)
(7881, 4091)
(7105, 2772)
(8150, 4138)
(6602, 3938)
(7358, 2909)
(6714, 2864)
(7995, 3089)
(7856, 4228)
(6902, 2732)
(7009, 3521)
(8351, 3806)
(6821, 3351)
(7800, 3128)
(8615, 3760)
(6824, 3200)
(8703, 3747)
(7306, 2993)
(7839, 3596)
(8785, 3783)
(6650, 3325)
(7225, 4160)
(7292, 4156)
(7148, 3112)
(6663, 3701)
(6664, 3357)
(8557, 3219)
(6326, 3838)
(8002, 4336)
(6259, 3503)
(7618, 4068)
(8052, 3577)
(7051, 3895)
(7355, 2973)
(6527, 3875)
(8522, 3775)
(8567, 3104)
(8009, 3210)
(8351, 3895)
(6380, 3141)
(7405, 3505)
(6618, 3623)
(8591, 3944)
(6941, 3562)
(6086, 3705)
(8519, 3141)
(7164, 2930)
(7545, 2985)
(6682, 3249)
(8102, 3371)
(7451, 2866)
(8329, 3719)
(6315, 2842)
(8426, 3889)
(8497, 2990)
(7591, 2855)
(6829, 2756)
(7837, 3968)
(8167, 3118)
(7320, 4033)
(8352, 3372)
(6999, 2911)
(8477, 3332)
(8489, 3502)
(7570, 4173)
(7631, 2769)
(7286, 2791)
(8181, 3816)
(8487, 3470)
(7965, 2942)
(6831, 3789)
(6483, 2871)
(8496, 4193)
(7542, 3114)
(7920, 4060)
(8449, 3778)
(6718, 2965)
(6470, 2816)
(7686, 3056)
(8319, 3776)
(7325, 3150)
(6439, 3428)
(6359, 5422)
(9977, 8927)
(5546, 1566)
(4683, 1093)
(1353, 1057)
(894, 5157)
(5456, 2698)
(4151, 9566)
(5417, 8208)
(8657, 3649)
(6154, 2954)
(7388, 5624)
(6973, 7857)
(4950, 3832)
(1745, 2352)
(5825, 859)
(9258, 3916)
(562, 7313)
(1629, 3502)
(936, 9103)
(9987, 8612)
(1674, 4686)
(4873, 408)
(1975, 9223)
(5909, 8003)
(8157, 4288)
(4983, 1870)
(3183, 2295)
(7292, 719)
(2815, 908)
(8411, 5598)
(1435, 8767)
(210, 2394)
(6472, 6135)
(9775, 3683)
(1564, 5324)
(6865, 2513)
(7919, 1236)
(4772, 31)
(4117, 8058)
(7051, 2549)
(4221, 8462)
(3125, 9082)
(1436, 7862)
(2114, 9303)
(851, 3998)
(9426, 7837)
(218, 7873)
(2672, 5914)
(2231, 1967)
(1512, 2091)
(6609, 7051)
(1971, 1837)
(7801, 5026)
(6743, 6809)
(2904, 7004)
(7030, 5043)
(6775, 1435)
(1042, 5010)
(6075, 7460)
(370, 6117)
(2423, 9805)
(2809, 8849)
(6694, 2907)
(8787, 5147)
(3188, 1498)
(9354, 1845)
(5826, 4854)
(4821, 5767)
(8449, 9784)
(5567, 720)
(9194, 5889)
(4750, 8068)
(9036, 707)
(5534, 1634)
(4392, 5003)
(2229, 5439)
(7303, 2209)
(8127, 3591)
(9554, 9734)
(5399, 6269)
(4595, 7588)
(5180, 3723)
(9627, 4104)
(9509, 9532)
(9251, 7227)
(8288, 9030)
(7274, 6659)
(4764, 3068)
(6005, 4858)
(7622, 8581)
(8657, 4234)
(1512, 2485)
(4067, 1258)
(6653, 1887)
(1065, 4913)
(8088, 4995)
(4831, 7589)
(9039, 3564)
(7715, 7583)
(7687, 4290)
(5238, 4563)
(2774, 9846)
(1628, 5784)
(2069, 7192)
(7147, 8027)
(7292, 4391)
(9550, 1566)
(1757, 1674)
(7446, 202)
(9973, 9580)
(4860, 2671)
(9340, 4447)
(6693, 7001)
(5202, 8601)
(6976, 199)
(9137, 1848)
(2859, 2426)
(1439, 1015)
(4778, 3129)
(6175, 6764)
(1060, 1870)
(3038, 5771)
(2823, 5388)
(662, 7169)
(5531, 4441)
(4805, 6369)
(9758, 7181)
(1891, 2983)
(5287, 2451)
(3338, 5405)
(5472, 7015)
(5847, 2074)
(9460, 5928)
(1426, 2922)
(3607, 9791)
(1706, 1673)
(5035, 9453)
(4868, 2732)
(6654, 9354)
(4409, 905)
(7879, 5828)
(2308, 4874)
(6955, 2118)
(4903, 9727)
(9561, 183)
(6991, 4632)
(2254, 3359)
(7405, 582)
(2180, 6100)
(8223, 9769)
(471, 9130)
(3618, 2793)
(2708, 4672)
(7756, 9188)
(1511, 7981)
(5039, 5025)
(9004, 3352)
(1270, 8172)
(590, 7394)
(6605, 7465)
(9788, 5795)
(2785, 1970)
(5049, 7068)
(1309, 1842)
(9964, 4367)
(6241, 6791)
(91, 5798)
(1465, 2014)
(5546, 9091)
(4881, 3449)
(1452, 9559)
(296, 5865)
(7132, 1348)
(8931, 6560)
(8879, 7693)
(1012, 3751)
(3848, 6558)
(5937, 7782)
(8039, 5913)
(2316, 857)
(5630, 3176)
(2045, 6524)
(3380, 1953)
(5984, 4519)
(6510, 457)
(4344, 4115)
(1449, 7130)
(1968, 5249)
(2062, 787)
(7732, 7254)
(1171, 9661)
(9285, 2917)
(9764, 1102)
(9886, 8476)
(1822, 6180)
(153, 1816)
(5472, 1706)
(2540, 5050)
(2517, 5657)
(4816, 3180)
(7282, 2928)
(7744, 5179)
(9812, 2011)
(5650, 1287)
(4437, 3373)
(8735, 8627)
(4251, 8707)
(6753, 6436)
(6413, 1138)
(1738, 4149)
(4766, 2318)
(3791, 2778)
(7802, 1569)
(1439, 6527)
(6123, 416)
(8161, 190)
(8072, 7927)
(4629, 5699)
(9752, 5462)
(6844, 1144)
(5157, 5915)
(8559, 855)
(899, 7355)
(8507, 7742)
(601, 5708)
(3075, 3975)
(1932, 137)
(3936, 2826)
(1072, 6192)
(9021, 2983)
(9203, 2588)
(5705, 6052)
(4689, 2275)
(8364, 441)
(585, 8895)
(5473, 3845)
(4654, 8603)
(3054, 1176)
(9448, 2029)
(6767, 8225)
(3131, 2222)
(688, 2320)
(9675, 465)
(5635, 2566)
(8325, 2491)
(474, 6617)
(5754, 4007)
(2123, 9652)
(2595, 9582)
(949, 6264)
(5118, 6536)
(6929, 9096)
(681, 896)
(2838, 2257)
(9301, 4080)
(6527, 2382)
(9724, 7688)
(6624, 1269)
(4073, 569)
(20, 1390)
(9770, 1627)
(4971, 10000)
(1873, 1985)
(6719, 6893)
(4640, 2459)
(1180, 1839)
(2685, 6362)
(167, 7271)
(3564, 7987)
(3912, 3228)
(2717, 756)
(9153, 6850)
(3196, 9194)
(9061, 9952)
(5006, 5248)
(4138, 6347)
(7508, 1409)
(670, 7878)
(1763, 6222)
(3575, 5694)
(4068, 221)
(5949, 5081)
(493, 1013)
(4851, 3652)
(6246, 3279)
(3602, 5580)
(823, 3255)
(1232, 8742)
(5550, 9584)
(4655, 4123)
(9110, 9647)
(4897, 2550)
(5473, 6790)
(7748, 1428)
(8707, 9994)
(6993, 9663)
(5268, 4917)
(9671, 7831)
(8124, 554)
(5360, 3958)
(6735, 8013)
(5521, 8311)
(3647, 6917)
(150, 8531)
(6643, 6650)
(8631, 1517)
(378, 8963)
(4465, 237)
(2130, 4626)
(3245, 8945)
(6671, 8303)
(2244, 6815)
(6509, 776)
(1834, 2041)
(9614, 9113)
(7209, 8178)
(6895, 537)
(3962, 5216)
(3156, 2524)
(1962, 5378)
(224, 4600)
(2709, 2605)
(537, 1327)
(5115, 9202)
(7206, 5362)
(841, 5353)
(1784, 8784)
(2412, 7968)
(988, 2935)
(1158, 5192)
(7118, 6517)
(9435, 3302)
(2513, 2395)
(2963, 2046)
(1804, 4981)
(1843, 5223)
(2464, 6763)
(8627, 3737)
(9880, 2933)
(9493, 3949)
(1771, 6688)
(2412, 1018)
(2271, 9625)
(9369, 2375)
(8515, 304)
(6551, 6356)
(9953, 9452)
(9472, 4128)
(1694, 8683)
(6683, 5050)
(9460, 3065)
(2397, 1852)
(8980, 1458)
(5218, 6230)
(610, 3843)
(8823, 1331)
(3599, 1368)
(7925, 7062)
(6760, 4259)
(4410, 5833)
(6825, 7929)
(5625, 7696)
(8886, 8332)
(5728, 3802)
(6384, 8289)
(8625, 6259)
(4927, 4612)
(6488, 8988)
(6398, 510)
(8004, 4191)
(2984, 521)
(9967, 620)
(9430, 4793)
(203, 7021)
(6795, 9030)
(6944, 5827)
(4352, 9855)
(3490, 4193)
(6622, 6740)
(3586, 9317)
(8454, 5510)
(1851, 9651)
(2933, 5435)
(5902, 2617)
(9285, 2981)
(453, 7264)
(7918, 7257)
(662, 1669)
(3601, 8681)
(5387, 4727)
(1585, 4822)
(9861, 4512)
(5816, 7810)
(3331, 5729)
(8699, 8763)
(5295, 1297)
(9337, 5766)
(79, 3759)
(4872, 853)
(9407, 9327)
(1587, 9206)
(9501, 4700)
(8138, 859)
(5348, 453)
(1952, 4244)
(7626, 4745)
(7718, 443)
(9002, 3042)
(2634, 1779)
(9437, 4404)
(6474, 2601)
(1583, 6124)
(957, 1218)
(7419, 6901)
(4089, 3821)
(9795, 7710)
(3318, 3935)
(4311, 9935)
(5110, 6024)
(7001, 8265)
(616, 995)
(8314, 9719)
(1822, 201)
(2418, 2015)
(9100, 8230)
(6284, 937)
(8222, 9358)
(48, 9728)
(7985, 4884)
(2491, 1511)
(7970, 9263)
(7237, 5615)
(1807, 2194)
(9001, 3731)
(113, 5007)
(505, 3871)
(2708, 4812)
(1533, 1847)
(8768, 9531)
(84, 689)
(313, 7010)
(7447, 5217)
(8848, 7970)
(5390, 870)
(9508, 8643)
(3195, 6338)
(1619, 591)
(3111, 7762)
(8417, 2753)
(4752, 1175)
(8857, 2989)
(4056, 1143)
(9865, 5486)
(9615, 5756)
(925, 6088)
(5098, 7792)
(5540, 6395)
(9424, 8217)
(3065, 8576)
(9485, 8091)
(1563, 5082)
(8818, 7178)
(2567, 5653)
(7640, 1272)
(2042, 2240)
(8271, 2645)
(4252, 2825)
(5544, 6266)
(2723, 5343)
(2867, 5555)
(9575, 6900)
(2719, 5048)
(7888, 4705)
(1347, 6311)
(4535, 4548)
(7594, 1155)
(254, 3896)
(9491, 6191)
(7361, 2790)
(2958, 9358)
(707, 714)
(6904, 6659)
(8057, 4439)
(3833, 2221)
(1933, 6031)
(4843, 1531)
(9088, 2223)
(7384, 962)
(9342, 6)
(4054, 4052)
(4536, 3751)
(9459, 2411)
(5186, 5338)
(9925, 9705)
(9121, 2101)
(5792, 11)
(3007, 6890)
(7713, 4179)
(1264, 5233)
(5888, 1760)
(7380, 8101)
(9850, 2358)
(8615, 8162)
(6499, 7291)
(8058, 9027)
(3276, 2512)
(8799, 5422)
(3480, 470)
(8572, 5749)
(9894, 1998)
(3879, 7744)
(3053, 5607)
(5844, 2507)
(993, 9189)
(4363, 2976)
(6624, 6467)
(909, 7144)
(9988, 5040)
(1092, 6517)
(7067, 7913)
(1384, 2437)
(7251, 6389)
(1027, 4142)
(5161, 510)
(477, 8224)
(4646, 849)
(1353, 9735)
(829, 8749)
(2778, 1493)
(9416, 8069)
(389, 4490)
(9217, 6338)
(6501, 1070)
(6128, 6016)
(8491, 2503)
(9247, 9969)
(8820, 9832)
(1846, 8041)
(4009, 2118)
(1941, 6409)
(3695, 1769)
(2411, 3278)
(7047, 1638)
(5565, 665)
(6142, 6816)
(2088, 9094)
(8698, 4887)
(3341, 3502)
(7534, 7212)
(8206, 9033)
(8627, 4870)
(5990, 8560)
(4610, 5141)
(2706, 1281)
(255, 4529)
(3358, 3226)
(9717, 2658)
(5529, 5373)
(3705, 7091)
(9901, 6195)
(451, 9057)
(9869, 796)
(2255, 7934)
(7643, 2822)
(8033, 9528)
(8259, 4133)
(1945, 5070)
(1407, 2679)
(8974, 5140)
(1676, 4336)
(2954, 63)
(2404, 1174)
(2559, 6756)
(2859, 5988)
(3939, 4823)
(7770, 3218)
(7562, 8169)
(3587, 3231)
(6819, 1442)
(7109, 5380)
(9449, 8090)
(8033, 52)
(9712, 7133)
(8998, 3992)
(5264, 6447)
(2297, 2094)
(8282, 5558)
(1238, 819)
(7634, 6135)
(6149, 2152)
(2809, 5517)
(5739, 729)
(7758, 856)
(4084, 1031)
(7928, 5256)
(6209, 4425)
(436, 1239)
(7329, 8770)
(7775, 6339)
(4401, 3160)
(4838, 7038)
(2480, 7857)
(2646, 9820)
(9656, 3268)
(9404, 393)
(1210, 9463)
(2836, 1676)
(2977, 3744)
(3930, 6055)
(5946, 9775)
(9751, 4642)
(4455, 9440)
(9878, 3383)
(5232, 4901)
(7242, 1206)
(4635, 5194)
(6929, 7086)
(9431, 2951)
(243, 7613)
(156, 5375)
(7488, 6901)
(5067, 8309)
(8462, 1664)
(3057, 3396)
(202, 9290)
(8509, 602)
(8506, 5559)
(7863, 8674)
(9227, 1324)
(6994, 6053)
(4512, 2457)
(7026, 780)
(9349, 5583)
(1162, 5635)
(2545, 5339)
(2329, 992)
(335, 4991)
(7148, 2380)
(3039, 6699)
(4882, 3575)
(2237, 1942)
(4514, 6063)
(6287, 5516)
(8026, 9096)
(4910, 5091)
(5931, 6225)
(4307, 7928)
(3245, 8763)
(9717, 6879)
(6713, 1258)
(6185, 9168)
(5738, 5036)
(3388, 2993)
(1264, 9914)
(3804, 9007)
(5745, 5463)
(6916, 4755)
(5935, 3438)
(680, 8917)
(6815, 1917)
(7853, 1420)
(119, 2883)
(5024, 3046)
(4383, 9496)
(1949, 3676)
(5845, 6586)
(4288, 3634)
(3215, 8200)
(9864, 8204)
(5444, 9671)
(2962, 2858)
(5988, 8661)
(7291, 7463)
(3464, 1641)
(1095, 9940)
(7282, 7798)
(6159, 2184)
(6875, 1018)
(4266, 1002)
(9741, 8444)
(5372, 7209)
(9459, 1046)
(5758, 5485)
(5306, 5304)
(6299, 7592)
(1584, 59)
(6036, 4802)
(8274, 9280)
(6658, 1004)
(9576, 8086)
(7907, 189)
(3077, 9301)
(7057, 9343)
(2, 5112)
(7819, 7630)
(8686, 7892)
(4869, 4938)
(1826, 4347)
(808, 8581)
(9896, 2583)
(7165, 7211)
(3234, 1196)
(9494, 8457)
(4597, 1709)
(2988, 2167)
(2590, 1352)
(5433, 5614)
(8060, 6469)
(1219, 4345)
(4617, 5107)
(7952, 4393)
(7272, 1407)
(1610, 7359)
(4217, 6424)
(3867, 2927)
(2455, 2349)
(760, 4806)
(6499, 4372)
(3107, 2104)
(6152, 8422)
(5389, 7719)
(9662, 7773)
(8326, 6018)
(2390, 5765)
(8310, 8118)
(7896, 5711)
(378, 1885)
(3386, 1027)
(2554, 3440)
(5286, 1515)
(4282, 9949)
(6662, 2736)
(5388, 9825)
(3825, 7947)
(8348, 9683)
(1547, 8253)
(263, 1899)
(7336, 2892)
(4727, 4932)
(7412, 8838)
(6341, 9051)
(9658, 6967)
(694, 844)
(4252, 2206)
(3568, 2006)
(8787, 516)
(7853, 1866)
(8401, 3149)
(7387, 9707)
(7862, 4297)
(896, 9169)
(9603, 2116)
(1606, 4274)
(4499, 4084)
(7429, 6230)
(8103, 8973)
(9419, 4718)
(4805, 932)
(9097, 3445)
(4556, 2082)
(8910, 1480)
(145, 3048)
(3105, 889)
(9350, 1075)
(7541, 6066)
(2030, 3291)
(7302, 160)
(6330, 1213)
(3436, 3772)
(8768, 7956)
(1257, 693)
(2007, 9983)
(6509, 1440)
(8704, 4638)
(2098, 2580)
(7069, 1584)
(1433, 7033)
(8769, 5087)
(2300, 5767)
(8236, 8251)
(6572, 405)
(8029, 7864)
(1302, 4179)
(9209, 3668)
(1327, 5916)
(3707, 6350)
(5006, 339)
(4820, 2205)
(6068, 2330)
(1719, 4001)
(7462, 2786)
(7481, 1872)
(1996, 2689)
(8184, 6016)
(153, 5314)
(1071, 8182)
(911, 1446)
(1283, 8989)
(7114, 7339)
(398, 4913)
(9619, 1167)
(4995, 1272)
(7625, 9516)
(9587, 4646)
(3625, 6234)
(1968, 3151)
(695, 1168)
(9209, 9330)
(2106, 2921)
(271, 8522)
(9390, 6202)
(4453, 9175)
(954, 7085)
(3685, 1089)
(1856, 6504)
(3182, 6672)
(5296, 1232)
(2279, 7085)
(4561, 9349)
(256, 4626)
(4149, 5890)
(2705, 3753)
(8888, 2906)
(438, 2721)
(9444, 3573)
(4577, 28)
(9874, 4726)
(7496, 7645)
(2898, 509)
(1353, 8480)
(8910, 4515)
(2879, 866)
(9967, 8172)
(864, 8531)
(9472, 5208)
(5590, 2657)
(2548, 92)
(5868, 3665)
(2286, 2512)
(9469, 1004)
(5945, 3690)
(4244, 7358)
(3509, 8790)
(6686, 9420)
(4479, 8500)
(4920, 9003)
(4134, 3525)
(3954, 1571)
(8241, 4806)
(9112, 6071)
(5543, 4623)
(5621, 9728)
(1198, 2780)
(9060, 2770)
(5308, 1466)
(1636, 3762)
(948, 5092)
(8062, 8017)
(6263, 9107)
(2746, 7954)
(3442, 5767)
(7573, 8070)
(7044, 9910)
(2363, 5138)
(3069, 5190)
(7821, 9171)
(8077, 72)
(4509, 9610)
(53, 4334)
(4637, 3015)
(8364, 9934)
(9594, 2391)
(2767, 6326)
(4108, 5247)
(5266, 2495)
(6253, 9928)
(8362, 1053)
(7124, 4672)
(1160, 8891)
(6149, 6599)
(2333, 7347)
(9716, 3118)
(8998, 7302)
(7964, 9198)
(2647, 3304)
(7434, 2594)
(6077, 2267)
(1414, 5167)
(4747, 9640)
(934, 1723)
(1240, 3044)
(686, 6586)
(7731, 9960)
(2956, 6036)
(5607, 1457)
(4914, 9956)
(3454, 1691)
(2173, 5425)
(9480, 4483)
(1526, 3313)
(8478, 2730)
(4079, 4300)
(1195, 9730)
(6439, 8501)
(7030, 7767)
(1855, 9035)
(4622, 4090)
(2618, 1312)
(735, 5808)
(4933, 9432)
(7729, 7184)
(8457, 903)
(7051, 8988)
(5153, 7995)
(1918, 8306)
(8915, 6831)
(8511, 6038)
(9163, 5045)
(5609, 7629)
(9437, 2106)
(77, 3232)
(6351, 1349)
(3525, 3900)
(9098, 7166)
(7175, 8984)
(2520, 9402)
(1148, 4203)
(8519, 7915)
(8919, 7937)
(7797, 935)
(2265, 3871)
(9796, 3832)
(4723, 474)
(3440, 1720)
(593, 5957)
(3411, 8818)
(459, 8604)
(8426, 5820)
(3255, 1988)
(9028, 9836)
(3072, 9594)
(8320, 2988)
(8305, 4693)
(1699, 2905)
(4022, 7803)
(4597, 1095)
(9638, 4277)
(2292, 4999)
(9461, 3613)
(2995, 712)
(7219, 7420)
(1729, 1953)
(6973, 5735)
(26, 5560)
(7582, 2315)
(6558, 8696)
(2336, 2494)
(9927, 4417)
(1588, 9536)
(7168, 6806)
(1800, 9174)
(4669, 4210)
(4867, 3262)
(3545, 2977)
(9325, 3946)
(4491, 1132)
(858, 4807)
(7336, 4476)
(9471, 9710)
(1391, 3863)
(4436, 8887)
(8959, 6900)
(5481, 3959)
(1102, 5992)
(515, 6481)
(3690, 2094)
(2932, 5806)
(8825, 9368)
(2309, 3535)
(4782, 1403)
(933, 6866)
(9375, 6351)
(6558, 8268)
(9952, 583)
(6642, 1560)
(4326, 8294)
(3073, 9007)
(7991, 4449)
(8464, 3615)
(3119, 8802)
(1194, 4)
(7819, 8548)
(1609, 7305)
(8120, 2145)
(7005, 6260)
(9248, 5408)
(841, 1129)
(5763, 8463)
(9699, 8125)
(220, 5841)
(922, 5291)
(4592, 5431)
(2614, 5423)
(2794, 3021)
(8615, 8252)
(6748, 373)
(1373, 7004)
(8322, 4798)
(4006, 9073)
(8334, 7843)
(927, 9231)
(5031, 9186)
(9267, 8794)
(6544, 6826)
(1269, 4684)
(8195, 636)
(8664, 6394)
(3228, 9666)
(5594, 5823)
(5429, 2052)
(8077, 7064)
(3328, 3726)
(5588, 8733)
(815, 8518)
(1011, 4747)
(6171, 8332)
(3516, 2579)
(4858, 1770)
(2512, 8447)
(1246, 5785)
(8465, 4469)
(1623, 4707)
(6843, 857)
(1629, 2706)
(8820, 6165)
(3741, 8452)
(3858, 67)
(3270, 8544)
(1415, 6487)
(4285, 6567)
(1837, 1435)
(617, 7300)
(4308, 536)
(5101, 8899)
(2682, 9587)
(3047, 197)
(9158, 3838)
(6970, 6688)
(5038, 4043)
(8149, 322)
(9436, 814)
(2949, 1860)
(7253, 9042)
(2676, 6406)
(4114, 4063)
(9299, 7563)
(7220, 6967)
(6166, 3726)
(4605, 2843)
(3937, 8946)
(215, 9945)
(7616, 5832)
(2912, 4395)
(409, 1997)
(2613, 7268)
(5205, 384)
(1906, 5844)
(9203, 8283)
(578, 4118)
(5207, 8395)
(444, 4743)
(2263, 9027)
(4395, 1448)
(4971, 8035)
(8948, 3995)
(1228, 7472)
(5230, 9186)
(2243, 12)
(8236, 2647)
(947, 8640)
(8153, 1912)
(3906, 6384)
(7771, 4276)
(1110, 128)
(8120, 7619)
(5368, 1274)
(884, 5676)
(6895, 9295)
(7688, 5596)
(5308, 229)
(4, 3383)
(2823, 9375)
(7626, 4439)
(7603, 1813)
(6553, 7626)
(8036, 4176)
(5990, 7429)
(1656, 9391)
(7268, 4323)
(1872, 5607)
(9434, 732)
(1626, 8008)
(6665, 8667)
(3179, 7744)
(8631, 7469)
(2576, 70)
(5028, 5543)
(5144, 2404)
(186, 6844)
(6260, 8647)
(4204, 4099)
(935, 1777)
(2884, 1408)
(389, 5119)
(4146, 4623)
(9737, 5512)
(9850, 4581)
(8269, 1843)
(1946, 7763)
(3879, 19)
(118, 3938)
(2143, 9790)
(2724, 797)
(3495, 3174)
(5189, 9377)
(9318, 1419)
(2795, 4512)
(993, 8255)
(5813, 9879)
(2997, 1809)
(6793, 5120)
(1306, 5803)
(649, 5310)
(8791, 9954)
(9903, 1864)
(8483, 2550)
(9961, 7859)
(5483, 8360)
(4598, 3081)
(7442, 1024)
(5095, 1680)
(580, 3341)
(7749, 5343)
(8699, 5691)
(8311, 9757)
(6843, 8059)
(5277, 5603)
(4931, 425)
(2613, 905)
(5081, 2373)
(6993, 2308)
(2467, 6601)
(2671, 6042)
(9728, 3379)
(4848, 684)
(3282, 2113)
(3556, 8269)
(6183, 4662)
(1648, 1272)
(9615, 9546)
(1094, 5523)
(8927, 3912)
(1798, 4213)
(7105, 9791)
(4113, 5415)
(8417, 8520)
(5869, 3395)
(6000, 6795)
(6446, 6520)
(9210, 3819)
(853, 2845)
(9819, 9945)
(236, 7447)
(5667, 201)
(4918, 2256)
(5174, 9651)
(7402, 4959)
(7377, 7406)
(7896, 5030)
(9202, 4758)
(3271, 3914)
(7758, 7432)
(1216, 1762)
(171, 2448)
(9549, 8120)
(5811, 2956)
(1167, 2186)
(4123, 9170)
(9156, 4731)
(4252, 1036)
(7931, 664)
(3661, 3621)
(2581, 7827)
(915, 3597)
(2371, 3578)
(9937, 2309)
(2742, 6870)
(8990, 4252)
(2357, 2978)
(5514, 4603)
(3148, 3829)
(5292, 6310)
(2431, 3708)
(2543, 6979)
(3408, 5186)
(8726, 5273)
(7996, 8018)
(7508, 4000)
(6875, 1934)
(8691, 2221)
(701, 1056)
(357, 4675)
(4823, 6701)
(8130, 968)
(4959, 2283)
(5639, 2606)
(9069, 1578)
(7518, 1175)
(9206, 8217)
(1377, 7093)
(8972, 9731)
(7346, 4697)
(3566, 3092)
(5363, 5238)
(2197, 76)
(9458, 9199)
(5816, 3028)
(9547, 1061)
(2288, 5035)
(6724, 7763)
(8722, 5300)
(1060, 7044)
(3875, 3394)
(9456, 5649)
(8467, 4854)
(5113, 7999)
(8052, 5262)
(1540, 9125)
(4620, 3586)
(4567, 2721)
(8639, 6282)
(6682, 6450)
(1747, 8669)
(6047, 3680)
(5174, 3646)
(4529, 2273)
(3644, 8272)
(4922, 3193)
(5701, 6598)
(1056, 1827)
(2406, 3333)
(9176, 5963)
(8013, 9903)
(8618, 1134)
(8451, 4326)
(433, 7615)
(9978, 1944)
(4704, 2132)
(9570, 7165)
(1149, 723)
(8362, 9238)
(6861, 9208)
(8825, 720)
(886, 9883)
(1450, 4632)
(1816, 7707)
(4721, 8908)
(6447, 3173)
(4767, 3445)
(9181, 2078)
(9857, 2688)
(6519, 3731)
(126, 5678)
(9880, 6507)
(9312, 5329)
(4430, 4792)
(3237, 1417)
(6280, 9757)
(9845, 4825)
(4291, 2685)
(3447, 497)
(3482, 3245)
(391, 3929)
(1987, 838)
(1914, 9658)
(2126, 7405)
(5078, 4641)
(5888, 2437)
(6194, 2080)
(5259, 3265)
(7567, 9024)
(6126, 2210)
(2373, 8302)
(3317, 4595)
(8557, 6877)
(1515, 3964)
(4358, 5699)
(6025, 2876)
(605, 8260)
(9218, 4607)
(6005, 2663)
(2232, 1126)
(3270, 9669)
(1440, 6439)
(265, 7304)
(1486, 3432)
(971, 5453)
(1308, 9938)
(4403, 9939)
(6598, 6936)
(9022, 1359)
(7487, 7209)
(3260, 802)
(702, 4652)
(2231, 4854)
(5239, 2235)
(887, 1978)
(2777, 8113)
(9524, 4736)
(4627, 615)
(9674, 9171)
(9658, 1613)
(8490, 5890)
(9590, 6665)
(3676, 9584)
(5716, 7612)
(2693, 3933)
(8358, 2708)
(5845, 1797)
(9895, 7720)
(3001, 9388)
(9708, 6307)
(3994, 1767)
(1623, 1529)
(350, 6273)
(5545, 8958)
(5520, 5952)
(8503, 8595)
(9186, 3400)
(856, 3209)
(6350, 2021)
(4937, 4668)
(3039, 6037)
(2181, 4830)
(7198, 8506)
(7709, 2200)
(181, 5419)
(1571, 1076)
(9450, 6910)
(1963, 5194)
(5907, 5443)
(8881, 1727)
(2633, 2250)
(9644, 3063)
(9731, 1660)
(3157, 3555)
(57, 7438)
(5093, 8789)
(3603, 1656)
(4655, 128)
(5176, 980)
(1253, 4545)
(3788, 6200)
(1527, 2658)
(1467, 6694)
(2636, 7073)
(8140, 129)
(1052, 6633)
(7176, 56)
(6797, 2572)
(2859, 6439)
(9352, 1883)
(3304, 568)
(7556, 5330)
(5923, 2934)
(6480, 635)
(2302, 3419)
(6133, 7250)
(3684, 4857)
(3269, 3223)
(7025, 8381)
(961, 764)
(2884, 2591)
(7274, 1289)
(5154, 4249)
(7159, 2722)
(6132, 7510)
(4065, 4087)
(1310, 4485)
(9076, 1725)
(6167, 5294)
(1896, 3501)
(4579, 2386)
(2991, 3049)
(9387, 9851)
(1065, 2338)
(4214, 293)
(3812, 83)
(1032, 8564)
(2454, 2280)
(6474, 3856)
(3859, 9614)
(2286, 9434)
(4335, 2491)
(2239, 9092)
(158, 7595)
(8296, 5346)
(1572, 5286)
(7878, 2262)
(965, 539)
(8628, 6826)
(6446, 7058)
(2074, 1183)
(6121, 4164)
(7669, 5379)
(5215, 9325)
(2577, 4499)
(3718, 992)
(2472, 4643)
(8731, 2356)
(9398, 6486)
(2080, 1756)
(5279, 3507)
(5562, 3535)
(6119, 1902)
(553, 7510)
(5590, 5230)
(3571, 5176)
(2597, 8240)
(9665, 4443)
(1768, 2942)
(6442, 3387)
(8213, 1541)
(8742, 523)
(4839, 9753)
(4392, 4668)
(917, 2712)
(5766, 6005)
(2537, 8686)
(51, 8615)
(1964, 3387)
(3948, 1244)
(9038, 4890)
(7328, 448)
(9429, 8106)
(627, 5966)
(5653, 6354)
(3831, 2015)
(9751, 2011)
(4099, 7848)
(9990, 4770)
(2670, 7391)
(5148, 7529)
(1727, 6572)
(8264, 2691)
(7467, 5265)
(222, 3666)
(6163, 9596)
(473, 5509)
(8175, 8925)
(6908, 5582)
(5692, 3282)
(119, 9079)
(5489, 5368)
(5492, 9322)
(2164, 1414)
(6367, 6709)
(2167, 3382)
(1440, 6005)
(1377, 4056)
(3901, 1718)
(5007, 7860)
(7007, 5020)
(9237, 2886)
(146, 917)
(9183, 9931)
(1185, 9358)
(9062, 6767)
(8760, 8028)
(4034, 600)
(1299, 8498)
(1633, 842)
(8927, 6527)
(870, 8484)
(5034, 7743)
(9366, 1756)
(9208, 2303)
(7338, 2209)
(5907, 3750)
(4448, 5054)
(6942, 5482)
(5687, 9074)
(9411, 7751)
(7971, 767)
(2193, 8954)
(3283, 6523)
(5660, 7596)
(5178, 2098)
(1164, 3681)
(8743, 7525)
(9274, 3786)
(3240, 9815)
(9003, 4438)
(352, 8163)
(1403, 8409)
(8308, 5231)
(4576, 8014)
(972, 289)
(6848, 9711)
(8438, 755)
(1927, 3864)
(936, 3471)
(8954, 8768)
(2626, 3146)
(3886, 2714)
(2808, 768)
(8120, 1064)
(4, 4558)
(4885, 3642)
(8580, 2504)
(2984, 8164)
(3238, 6542)
(362, 6521)
(6915, 1054)
(8623, 8405)
(8804, 4866)
(9683, 9851)
(2449, 1412)
(5577, 3323)
(2409, 5525)
(5610, 1751)
(6078, 507)
(8559, 1231)
(6065, 6514)
(9522, 2071)
(6788, 3461)
(2064, 8729)
(515, 3634)
(8637, 4587)
(7148, 4399)
(2768, 8172)
(8808, 1631)
(1060, 4171)
(5605, 6180)
(4708, 698)
(6925, 6949)
(5113, 2325)
(8063, 5959)
(2630, 1175)
(89, 5192)
(9072, 3116)
(3147, 5528)
(3750, 9092)
(6314, 5695)
(178, 4074)
(997, 6326)
(3093, 2658)
(975, 9986)
(3602, 4955)
(6677, 7198)
(2032, 3701)
(224, 1570)
(3226, 9361)
(7012, 5333)
(4108, 4721)
(6797, 2969)
(2253, 4903)
(6913, 6885)
(8344, 4998)
(7200, 2490)
(664, 2200)
(1061, 7093)
(1799, 7797)
(608, 3589)
(3503, 822)
(4164, 6229)
(3870, 6943)
(5151, 3536)
(3350, 4404)
(6557, 2677)
(8774, 2850)
(1140, 1493)
(7181, 6963)
(8633, 1197)
(7653, 2477)
(1279, 533)
(1502, 9663)
(3171, 844)
(5630, 8029)
(6109, 100)
(751, 794)
(9116, 6189)
(9601, 7797)
(9397, 1964)
(8681, 6722)
(5567, 4539)
(9103, 2703)
(8479, 8026)
(3639, 4281)
(9131, 8890)
(9912, 915)
(1092, 2887)
(5776, 687)
(4810, 7359)
(9919, 7208)
(1323, 3317)
(4445, 4968)
(5839, 9134)
(3003, 8757)
(901, 6472)
(7752, 4034)
(7656, 6666)
(2442, 6020)
(4520, 3596)
(517, 8453)
(6319, 2748)
(7677, 1408)
(8804, 7970)
(5541, 3501)
(2193, 6725)
(6284, 4338)
(1839, 6161)
(1130, 9435)
(9786, 9819)
(1950, 5772)
(6678, 4229)
(8548, 8256)
(4145, 3884)
(4639, 683)
(3697, 4931)
(8596, 5695)
(6543, 2778)
(1402, 4115)
(1405, 186)
(196, 2328)
(675, 7723)
(5687, 9863)
(4090, 5334)
(7717, 6250)
(1884, 3839)
(6753, 2657)
(6802, 9916)
(7890, 2195)
(6769, 1899)
(1963, 7784)
(1635, 3822)
(3281, 2062)
(1696, 8125)
(4900, 8243)
(4649, 4165)
(8030, 8010)
(231, 2449)
(4582, 3937)
(2764, 4936)
(2294, 9607)
(7654, 1623)
(9772, 9191)
(3279, 5209)
(833, 3117)
(3409, 8586)
(6021, 3584)
(1158, 5220)
(1763, 7043)
(9994, 7590)
(3317, 8906)
(2121, 4558)
(2817, 9033)
(9346, 765)
(7168, 6605)
(3930, 2432)
(9989, 413)
(2334, 7571)
(5394, 7452)
(5683, 5037)
(478, 902)
(7437, 2418)
(5105, 7199)
(7568, 7914)
(1306, 9031)
(8873, 7988)
(305, 8751)
(260, 6272)
(2952, 145)
(1985, 4146)
(5105, 1469)
(4623, 2120)
(3504, 315)
(7137, 5086)
(5041, 7015)
(7283, 7283)
(6724, 3857)
(7345, 688)
(5170, 2888)
(4205, 4361)
(1123, 607)
(5319, 1578)
(9319, 2020)
(5360, 3133)
(7670, 6729)
(1806, 1709)
(3244, 1954)
(2697, 7990)
(7601, 8235)
(2056, 1328)
(3714, 1514)
(9983, 6836)
(4626, 6366)
(5872, 513)
(6593, 3162)
(7887, 882)
(1478, 6053)
(3389, 6036)
(6644, 6811)
(4364, 5251)
(2386, 3956)
(3472, 3621)
(77, 4215)
(4121, 39)
(1225, 9592)
(6390, 4719)
(3318, 7085)
(2024, 697)
(2430, 9462)
(8654, 3546)
(3686, 6096)
(4875, 1527)
(900, 3029)
(5405, 1340)
(9022, 7514)
(7415, 9224)
(6452, 5271)
(287, 5089)
(8953, 4308)
(7216, 5206)
(4706, 8536)
(9358, 9990)
(3035, 8980)
(8334, 8245)
(7801, 6053)
(4762, 8826)
(240, 8553)
(2202, 9095)
(7477, 7503)
(9075, 5063)
(1132, 7173)
(9863, 3997)
(4120, 8750)
(9782, 3276)
(8301, 9476)
(9694, 8566)
(3885, 2908)
(7145, 7173)
(4338, 4448)
(8404, 6511)
(1759, 6832)
(8686, 867)
(961, 927)
(5210, 5232)
(7528, 302)
(826, 2953)
(8036, 201)
(9999, 765)
(7725, 5252)
(8185, 7062)
(8543, 3738)
(4771, 3611)
(2998, 9414)
(5120, 455)
(2183, 5560)
(7062, 7278)
(8790, 2601)
(3078, 7944)
(1077, 1632)
(1071, 9009)
(7256, 2861)
(8658, 6252)
(7446, 7213)
(1058, 384)
(3887, 6898)
(9325, 4735)
(574, 7109)
(1501, 6705)
(1362, 6392)
(9902, 7159)
(3329, 3588)
(1852, 1899)
(8777, 3272)
(4902, 4465)
(5551, 9152)
(7795, 7135)
(8371, 5932)
(7254, 7661)
(2990, 9244)
(1994, 903)
(1746, 1295)
(8531, 973)
(2587, 6977)
(4807, 2679)
(533, 7102)
(345, 9674)
(6167, 7292)
(7075, 7668)
(3351, 9385)
(796, 4410)
(3932, 1626)
(112, 5320)
(8468, 6607)
(6886, 8423)
(2452, 8638)
(9888, 162)
(2475, 9832)
(218, 969)
(8826, 2052)
(2882, 3502)
(7077, 3214)
(9792, 1774)
(3864, 4528)
(3138, 1612)
(6096, 8664)
(5099, 3450)
(5260, 8904)
(623, 3268)
(1207, 1660)
(2788, 1414)
(385, 4035)
(557, 7000)
(9152, 9989)
(5601, 5684)
(3246, 9343)
(3045, 3528)
(8670, 4603)
(7204, 8699)
(8754, 9897)
(994, 4178)
(7531, 5167)
(3209, 5151)
(4586, 9012)
(4305, 2791)
(688, 3357)
(5601, 9147)
(1772, 8312)
(6483, 3267)
(6456, 190)
(7479, 5423)
(9412, 7043)
(7669, 7803)
(8700, 3319)
(8618, 1601)
(5722, 7441)
(1139, 1091)
(299, 5357)
(1819, 594)
(1245, 7038)
(3202, 3020)
(3193, 7677)
(157, 3201)
(2927, 8564)
(9664, 6915)
(6059, 9661)
(2161, 1311)
(1618, 9846)
(5205, 3325)
(8436, 2412)
(3247, 4608)
(8134, 7055)
(2093, 66)
(3801, 234)
(2860, 2647)
(4398, 3455)
(1415, 6630)
(1346, 5844)
(3554, 5018)
(6459, 3914)
(2968, 2252)
(9396, 4628)
(4167, 1492)
(4365, 260)
(7772, 5883)
(1417, 3139)
(1312, 5207)
(3569, 1148)
(6641, 2717)
(4755, 4904)
(2801, 407)
(9957, 6516)
(5209, 5796)
(7985, 6100)
(4853, 5779)
(6854, 4340)
(9122, 9918)
(7604, 2557)
(7277, 6534)
(9376, 2337)
(1513, 4943)
(9865, 2442)
(3633, 3716)
(9100, 7922)
(6048, 9932)
(8771, 7301)
(2537, 4539)
(4732, 5117)
(1883, 9445)
(4958, 5292)
(5594, 4635)
(8843, 4184)
(2849, 3532)
(2936, 5461)
(777, 1114)
(1993, 8321)
(5364, 659)
(5056, 9738)
(8293, 283)
(2931, 4726)
(678, 4969)
(905, 8903)
(3254, 4220)
(4706, 9877)
(9944, 4175)
(8428, 2568)
(3582, 1532)
(3715, 5162)
(3224, 6137)
(5450, 4096)
(168, 8973)
(9651, 8713)
(5278, 7270)
(1908, 1038)
(2329, 5802)
(8539, 8859)
(6214, 9229)
(9719, 495)
(7426, 4255)
(2772, 9936)
(6894, 5979)
(4659, 2969)
(3325, 25)
(1174, 7489)
(884, 638)
(5931, 3397)
(8491, 9320)
(1980, 1201)
(1673, 3850)
(3325, 2651)
(4734, 1297)
(4129, 5111)
(3491, 5378)
(9617, 1967)
(7649, 4387)
(9747, 1693)
(3371, 8860)
(3316, 9563)
(4309, 2990)
(5507, 6157)
(8524, 144)
(7467, 6769)
(8314, 6285)
(5419, 2461)
(6205, 6008)
(4292, 8990)
(4377, 4732)
(7005, 4475)
(8874, 5161)
(4211, 4423)
(314, 1265)
(3376, 5968)
(2574, 3763)
(1343, 4816)
(3831, 9322)
(2008, 5452)
(3550, 3523)
(9394, 8194)
(9380, 255)
(9040, 8059)
(6185, 90)
(9408, 5006)
(2151, 8406)
(9790, 7443)
(9173, 7887)
(8825, 1917)
(958, 4011)
(7512, 5310)
(5185, 2361)
(7349, 5072)
(8323, 9948)
(1226, 1137)
(2769, 6871)
(6103, 8590)
(5245, 7556)
(4051, 312)
(4741, 2783)
(4121, 9724)
(770, 3284)
(1292, 4016)
(9898, 5897)
(5352, 252)
(9625, 3432)
(967, 9652)
(6769, 4234)
(2376, 9669)
(9552, 8760)
(5748, 7581)
(2010, 6555)
(757, 6999)
(8476, 1176)
(6259, 2867)
(6721, 2122)
(2941, 7173)
(9224, 1720)
(6365, 2087)
(4124, 6648)
(9212, 5059)
(9431, 4210)
(375, 6169)
(3567, 4905)
(6742, 8612)
(9992, 7299)
(367, 7954)
(1070, 7297)
(7548, 9673)
(4723, 1321)
(2459, 4045)
(1778, 3776)
(1523, 9622)
(9229, 2249)
(3104, 6704)
(6416, 5744)
(8112, 2688)
(5913, 2709)
(5473, 1886)
(5979, 2928)
(6917, 9814)
(7462, 5163)
(9809, 5524)
(4367, 569)
(1789, 4365)
(6733, 8478)
(7395, 7990)
(9630, 3620)
(7547, 7425)
(9002, 7825)
(9073, 3996)
(6549, 389)
(4013, 417)
(4443, 554)
(9062, 5416)
(1548, 7930)
(255, 4265)
(789, 8474)
(9393, 1083)
(3362, 3478)
(8342, 8767)
(8588, 6578)
(5619, 2473)
(703, 8876)
(1793, 9531)
(2283, 3585)
(9750, 1207)
(7829, 4926)
(6401, 3108)
(1607, 8776)
(7712, 8179)
(1200, 7627)
(5736, 2977)
(2409, 5691)
(5012, 3620)
(1574, 9655)
(2141, 4346)
(9882, 9336)
(3848, 4464)
(1879, 2286)
(9073, 4694)
(3783, 2231)
(9164, 7240)
(8470, 2879)
(2237, 9667)
(9358, 7109)
(7774, 9535)
(7857, 7649)
(2798, 1269)
(6038, 8851)
(1869, 8774)
(2426, 2437)
(388, 6442)
(7559, 2244)
(3088, 797)
(1421, 1187)
(7453, 9891)
(9468, 2861)
(7056, 8479)
(212, 8481)
(9082, 9130)
(5635, 138)
(7932, 6043)
(7532, 2023)
(8468, 5382)
(4876, 4548)
(2954, 3469)
(5599, 3518)
(7782, 1139)
(4257, 5261)
(4443, 6925)
(7519, 6292)
(3285, 6597)
(7428, 3522)
(2980, 5067)
(7596, 323)
(8908, 6235)
(3167, 357)
(4901, 103)
(2866, 2894)
(8534, 9168)
(7620, 5687)
(1151, 9454)
(5996, 2631)
(2892, 5057)
(7200, 6102)
(8, 127)
(7779, 1257)
(292, 7662)
(161, 7805)
(2779, 9728)
(7603, 7099)
(4561, 9768)
(9898, 9115)
(5524, 7082)
(8888, 5794)
(2333, 5489)
(3133, 8934)
(707, 9933)
(2175, 3937)
(8022, 1631)
(7979, 5363)
(796, 5875)
(1759, 2674)
(7574, 2045)
(9922, 2032)
(7568, 4890)
(6508, 6106)
(7242, 8532)
(6503, 234)
(8115, 8031)
(6777, 9750)
(2519, 4241)
(5974, 6146)
(3910, 4071)
(2114, 1771)
(8403, 1787)
(3185, 1325)
(1623, 4783)
(4214, 9280)
(3486, 2975)
(147, 3253)
(6200, 9088)
(4540, 8666)
(2058, 7050)
(8362, 281)
(6473, 4173)
(5532, 103)
(5911, 562)
(9708, 7758)
(470, 830)
(8468, 470)
(5241, 4035)
(9435, 9364)
(3927, 8076)
(9988, 8711)
(9304, 1054)
(9206, 4161)
(440, 6090)
(4953, 8459)
(6039, 8236)
(5255, 8768)
(9533, 8304)
(5776, 5675)
(3658, 2763)
(5884, 7047)
(7645, 6307)
(5032, 4914)
(3257, 6232)
(9908, 4538)
(8973, 2668)
(928, 6249)
(3219, 9584)
(5503, 1339)
(2993, 1149)
(87, 6223)
(1275, 1841)
(1645, 9427)
(5509, 8053)
(5671, 3907)
(983, 4013)
(8598, 7429)
(8353, 6745)
(8567, 8680)
(8170, 2778)
(6437, 9832)
(394, 3570)
(8536, 5448)
(8869, 8925)
(8680, 489)
(43, 1440)
(4514, 6162)
(9014, 7724)
(7765, 2679)
(8439, 2178)
(5253, 4683)
(3998, 3925)
(4020, 4080)
(23, 8538)
(8796, 5095)
(4699, 7147)
(2645, 5076)
(8627, 5590)
(7563, 885)
(3984, 2885)
(2058, 835)
(8539, 1696)
(1974, 3836)
(6963, 5783)
(134, 4328)
(7039, 4141)
(674, 6009)
(5414, 6950)
(7114, 8929)
(888, 6884)
(3802, 9837)
(2808, 2167)
(9247, 1022)
(5021, 1215)
(7496, 8199)
(3221, 6003)
(7974, 8140)
(457, 5750)
(1876, 506)
(368, 9627)
(9240, 9144)
(8502, 1120)
(8836, 8111)
(7687, 439)
(1140, 1793)
(7182, 5087)
(5978, 4238)
(6359, 3743)
(2217, 3641)
(1738, 1027)
(6012, 594)
(8199, 9299)
(4647, 6783)
(6173, 4953)
(5664, 3754)
(3874, 5065)
(6201, 2746)
(7993, 29)
(435, 9368)
(2640, 6328)
(6443, 1770)
(2601, 2206)
(6609, 1369)
(9095, 8978)
(7164, 946)
(2196, 1082)
(6674, 4434)
(4558, 8785)
(9953, 9832)
(3089, 2472)
(3336, 2880)
(3684, 4294)
(2737, 2082)
(3765, 3292)
(6792, 5301)
(9448, 6292)
(2565, 5765)
(6579, 2547)
(6689, 5240)
(7096, 1715)
(7659, 1730)
(9986, 1526)
(6998, 6611)
(100, 3816)
(6702, 8410)
(9640, 4690)
(5197, 7675)
(6802, 1542)
(1847, 8993)
(1260, 6577)
(1949, 595)
(6890, 4442)
(9495, 721)
(8628, 4391)
(3546, 6269)
(5455, 6736)
(841, 4521)
(4337, 1854)
(9700, 4643)
(3683, 5575)
(3000, 1445)
(2470, 2679)
(1819, 2759)
(2824, 9332)
(3785, 8726)
(4591, 4255)
(2938, 1760)
(7320, 8939)
(4124, 6440)
(5951, 5382)
(4923, 8108)
(9136, 4171)
(1394, 5571)
(6414, 4506)
(6896, 6618)
(620, 1746)
(9130, 314)